3 1 -1

-2.508703287863982588328555907890051452321739209504357620672149269845648092564244781083648e-2 4.128999771357866205755395707711804044567096557510162511511431489310913444512108196146157e-2
-2.917251369978951242195235367817191864990343026920613266520356003724419036561288366834421e-1 4.150313030869364130605220170915162726044828740697510755334880716117224533366338185638817e-1
8.998249261954291266916144156963973718144566095391190085791574676905433802779410726138458e-1 -8.083116253905766123578760628557111607323718490945104232593383411526363137120324073111342e-1
5.268055652666158857158777759294884813116586584380397166941352468117477746507861143104864e-1 -1.085088139878484710332993300962015583780708528013093163428326801430035835004872144514480

-2.806342769726798763940858777948873410059992540230911587817026664695207444766961537444067e-2 3.985379296205708261582224843492650161799399030804091607812967288146991978728172353303697e-2
4.887431472308756207546357006827967510221146058382133030231870517903354524261056804416029e-1 5.115580328381718679501769160248854895452511417272184456786173031650228847889026986259100e-2
5.008712202963271547852090404202414528579254735107820696477820257713146739025889316173629e-1 -1.274629057490670061660880412815338596060116038245353177309804462047796400114149429570768e-1
8.487861793894678680436163070094316640518005818142591073019334909831439538136796395415298e-1 -1.294620326605524557489142562910546178318427448669989962309890235835946674446888447002708

-2.786271962013406393652125394580633556095947028622762788755018209097326186944357147069359e-2 4.297082887508294875503581442383802909270440632352903839313784869356876358820072682579827e-2
-1.733515937325696011002590869843877519620636148639223676116952015304310362004114176670074e-1 -4.221722973064493855546390163564932422571829592713802522959788029733174116353720359541593e-1
1.246609280712209560987897711841608263246086828508979922456027070953850547824612492426129 -1.154118681650565709300824995451454524865660977999709345352281250411232044366457080801458e-1
5.267366155812187950673842247547037558618788761535324320973334255887488650046223340129649e-1 -1.462286665201878616638650950347573583413855714759578738725228571645681370000404234948550


1 4
3.052054794224066762097972596993173099853622063185720591368075532096205665889685814167330067186931805613274345024434616518243260690103380668437707835896470540384756627795909399162803427542520479691776586064506211252137929787585989363989340004653076182660900741154542188592540160115603177742207248974429396912611e-1 3.135848023871421551386844623390153198163536985592670511569693226463094705567921205382761001061387502031775716619446593061030551135680384978384555678886736682534102412621402882362788869702749639945321404913147968867476006710207064508516457353746020456160984630678675197925992948285530296790506506721430918330618e-1
-7.930557124765482707950852970718782522292639081042001726576358017928656549470058653058772297597622451557480358512190858881667607829740823186048669199983193516932893870782794833312132030130806628844355809294416740458233541737885666493682429117534122146961414846205682432847366339516932260846048443548000547885772e-2 7.846929775206630620670678967980025608452700846823688737691901177531073484080332394687891376133436437289847123711758382278075780261473034168542795956080285379795771822451333404938851723410110048504828369940094081068703093027437730204753852219457633767789584957685013308661819208743359178694500610903351321807422e-1
-3.122206663437986240074156783454129955484908662066823161759262899110564588068784603120874341060413289503153428695194548818264610961808040390770198517400283916176879879087367822762294636235966489701159828055696984224230832490306130016469252093836940839414328913429707142196327712654032783517260731214291101336992e-1 6.791349630664178576355647593026538447981675472256884264904913785455699332746844053540501993809916314233141512127342749846902227645140066592680872797636866176618960895496606597137481241378760824354087212320423428620224424664195344355031469741515946967639462364963961896683452102022386433841441179096343256921994e-1
4.721981422879797045142450487898607140899439873001676311906190851524616757491718748177574331461846863054765482975748782817377630265066944017463208502308361470456541853137274737954654254950622765098000395653514495773537498161413920086506772215933173267168807178306747044427540254919814378311353622050350290488913e-1 -1.784408233202124678379219905940719395896970084795489887432028285559250476234117206890126923991169256576542672537657220760656888617258239786569219936894329658482776865234730648888983536949515971149101670240653050739209555637810514983997413875362572133832932492251504202424299876592497549019821530682620262159422e-1


1 4
-2.361218503811459269335926379628325137703453285261074698050372325891560676176332298213152215158644671328100934835570279795454733100003459329365562302527836345552628513429131357191151607866755045670723836360312639690557646802666140758901463962885150929059735537328608836772986706076365279652247948498229466639898e-1 -3.804638995448219515277730615653943821304017166389147442724186304852157489049178941305732946721302219264745066779750830101401547095154973117144063536636182125768048704973801301817338267421948255082848575474012766238409681964178790809708771015802278372101473509810139206363987236710406894738168820165518748257687e-1
4.235698739535829051322835886363699274660892812234115171607600733699965449381027547346211367386992070959266492700496721541234434962460933345443577876696936079610922144066948636390131676364314126903302538688642196167202270667595376827475018325744808621539112875170313798984881173561648060982450791973215571197541e-1 -4.157881385488949176853911701136243103107631142197397850113866556673013732306391883346604954831157293957749002107113437785690340172546044893845393451985208254314631782455987645321883555807756373056929720995166539331690006818494953409566153006317756357439612096978046497263830115787322761870273791291289960486801e-1
5.802486248715650414030429274609945971425327171035104591387033121929877661372070266159998885881968636907813525801941746392878516599499647786272986712902046998733154808731793557120594129296061776293387335238289758798017675478759971008907180596086551238056439813957273237252681003996399398397685643476242461490867e-1 4.086243179942741231153745175470529390317590931993834429702745353027585265851869937270482780281644582709243346092060951307475622762927175681231606413290733333813699901684470091598826799671602109076570747621831458088946726635045852390147465660679356905822634797494626144954663247899486863721131613325514757611936e-2
3.454040469435639617527496942527542289145501765782437569139104450125615934658518084689586231292867111724539663653245626651257349960969346488134743623013614750668917406684810288152971322088066278115519852027979987980689503483064583499352934910161252730047375249516647336590208302015108830277950544800145611760550e-2 3.281024749714138309463721590589566809474813822899780227364386795130950108639981053959186994123447495835387643227381509495583384167284341343936300746223588620591489961155090476498282736329885243094709039545225693499264084154389809948798977959765652864258845343881734097839278374042007059096178003261890731060871e-1


