6 1 -1

2.3182282089866648554975909336113592176592677561717279874344e-4 -1.4670852903268691633636288552170363481153491197996914155333e-1
-1.2496935239926296546930678037233114668259448454209351965273 2.1540191219832980305724902865538531353646511869154931153500e-1
9.1047595186472643913438468442417010457224031434085403709873e-2 1.0406545425596848156024738087266595145567182660560520090895e-1
-5.6350756815083334079279750055292704292330271199330714625194e-1 4.7940021406003214854970733508716962164969267519783379496432e-1

-4.7414324825208315330872389356715842614687338125665471193819 5.9761465854266587943118868054621804533475114261385480788268e-2
-4.2676779972721128298384013621988453951203653032542024149332 -7.6457739811399181085990835799994166773411350190533545600375e-1
-1.5849576473201633720231220121482358330544901096347688131933 4.8305871237384656080755329374447239639726957612683261509125
1.2070834786099577323980719413882380464852080758147872624131 7.2172703806707828423145552307932034269979257038643423134670

-1.1714092724402993746100173556808588823746018541940010423460e-1 9.5459110847295207593663618693462529092609557754203629881779e-2
-1.3798575202452799129210202273392659034828470036072896606743 3.3961153836823595481230787024901753939388592980482971430801e-1
2.8177149218589989945894935220193001709164734468064560924591e-1 3.1496563154280574313113434681617291009680512469961203036159e-1
-1.7961360680322485633250249458015399451598010320873965744807e-1 5.7247409105049141842133950639338884376749838172450462282727e-1

1.3954123690642509239071885090821417442286827102685971233723e-1 1.7373043646925468053460566982739181980729997647721113336958e-1
-1.2374099188326340446991143753285177686272840359337302014197 4.4868210470428289195910448579038832534668437649581774561747e-1
4.6011900713246984398659052436517618008737960555691770185867e-1 9.4535170603206579254570355496226817075868455666803503532601e-2
-1.4714522967767798783351025653925898886904270324916471006865e-1 1.7991701847604933261270205140670140262246394981259997413375e-1

6.3488427081326163163614743004011862328201959443313104436433e-1 -5.4261636387558171037732064113444177716645803260137371640426e-1
-7.5959290743680904070693835648086027015254997762749585739846e-1 1.1592073260318271991755269163471905182797570762597866619475e-1
-4.5370381468504061056186816438726097779211296336500916788273e-2 -6.7443933562467304958910103545295149560815246219803083887459e-1
-1.3287930528509129955952472304847724809253802992055043652995 -3.0792321870309276920799052142449240854597097281865164607718e-1

6.2967534942251341693857728360135925651912079446426775916648e-1 1.5883511216528660592566100516735646748530554882427541955454e-1
-9.2695656620023299093257271827368841972784753290906763722762e-1 5.5401784802929942694519710856255280563442225507283138273613e-1
6.3967870380845635998521864055184784829019237461459414196233e-1 -3.9147993028265653008644694647613611113015549021803406303392e-1
-3.2091846193441086756165740272249645442519746581557704165506e-1 -5.1856461826774561506201109342738174729884204161432270825310e-1


1 4
2.380243105144668135837213805494201883730362114112576244613197292116482816385641209519780069003806162379740806594012516986672439587666179243604907935946530631148235093205230864967733052019598770936378452359482739482163184100898659075854725978101657197321491375435283872879768682003832969199405000638762649397317e-1 -9.687680841772933459914113411494698642929103269537605474229581576056402084734600133755610206783994753889954502567996861972725243137934000251739612526904461106138126780537132465325939862441271423940060120361340144756960700753071022961824817594165133125692798463541234930027080738665430004352994295363067075684044e-1
5.317255973066339138101579532485252986120150299023491144801064042925323013142745482347060326031520596216829737999226949578490343934692806400594512838581032114606971766844505022413971535286071646480062100519561669771229836922356546949689927131159663540460591242277734604391139479520947483736425678609048074911621e-1 -5.625545032495539449935772495644564788249552634929729650259505773486170158023404677071775364664728395154792112787930179216609571042869444406721473317744492545028630978763625296844772403727045543395110022156184393603067542509679650896566146652657716513465363340867977037366487029172434423994084477617749492565128e-2
3.996432263214474253649090982931164789108630154546447928990425172489506678509308213535607252860707372236840475328270876485322801070345486163140872549099458802767934624902424074749446098181197923696825094767937591063694534578399073810754595391566166303506782774947828632574269055000286288057045557033348426019668e-1 -3.527279509713129093017106802357154024079636998481653771189803797598087725037634743105722518085433642008844196040832132142746046140153883392183478087602788115825097823110943207348314117328156898121870693313815005753550933681875917096076638408917151359732381911519811186984744194144389692080779978691220046656787e-1
-8.820305496646916199919110268897668524839879156938770228486701027085908153260757075540109211724481411301713711019431090959606282600181863080489408668071060509394334939113265390836452253643723840423940018494554850540547481517273994216405310801168528696672378696108627210184809956998495653760988513235496780713590e-1 -4.679255854897829539916259940088024253300564199083967822770283731219899205561341050137064218610053480448869462119982933827617852134071247552527030642844827209259993425829595619714272652075464455110069063564108114646100148651980011773683512548470357376617661076286872923931215036591373323339647215478387720141178e-1


1 4
6.372643394581858342593482552484379009110080927018458599559575078516870864561108948885708394363043633506092633114117241965870695506528069431991134249884720428541870102677814956555808026551836643614826031641476297135293692610832453430737500535182055257259327871697867614176704590801743290872301620790121428889703e-2 -2.986760489803941784153589347236330964856812180899222604226692305051271274396043912430449577056310645983447990222654157317196233169901712584018700811164629026644735963913411187666498353367815884264182536193201568378115261578308119917951909134365307123479191338807996306368295898177679811170376308230602011575961e-1
-4.188785566936262873934256486682820125781843526252875152266275740358938684848282536944566536868057051608545001050217179195302195107513039105423580622103285052475711725842108180155941109609959791693373850904528439921243585512187876480350770295473113684007109542596130876440479977268172335420302364095530389648292e-1 -1.378555474985123564212929869374615493967709257952336113164276839789581964033601456683419511198968633673768605124435933083587032017868316993341561986320177708362589345107703196708610463104047862888613322583774776712415954731877596801348747671041074727749757290352857985292112069153679975097974446943297030304969e-1
5.197453878816439535029155360018242672872721140208016214534211486131175127574103604830177035207613338801019955424840514410904661884672691621998513653298598120882642315815732906559107080446068039218653832847093281370274936188958343072480425827784754255722861094691291369313858168531063441604429707879024413738086e-1 1.477906464614808190716872550203957058154430164378687465093272098423327828021047311160896399823089285800572482002001231853286651689943686155286097419980071821166300961535395905595327542479161087782746132283141400029728598092254593324388674161996462996339997700492707526089380405893392999221723263596118095626837e-1
-5.949948590573403909277448749965209016210469187165492171146741844744811100699948767245615137883554324639382577943111334817475248733081127941541536453864607075136577016284461720484145718637261273559018437364574668472691738824453516499491230799829606215774402480636895758434739899162945644744827883306178357515349e-1 -2.574333631015083005680986190496150807788160735974041022840407025047859321381392215929837852711424117286700166716755276926340783606546360987520525786305218598895834729003433325468701617213368292958082424416590717506042575320399953325342992799214002044717586800911979365840673700783855754814243619274067122494098e-1


