6 1 -1

-2.6357157220737572520718766870106270958322639096193379356862 -1.3903362434859775300787440130478148760973976491776165021486
-1.8701419044323234194508752530887934659176283168993030212766 -3.0740054191391310738743315014469336483657923806745666192054e-1
-3.7042278752596861397675947809343335710888491356378230262440e-1 2.2071227608026963512642341399746002944978018222475150000986
-5.9286845419350042152532598732222499628236876057280792634245e-1 3.9163664282672597585848302855270118021613471840446946848738

4.4564762056325332217089752297010378778564862190326082973525e-3 -1.5294039893656844512490761266549453348635413415399751575577e-1
-1.2690872089917854333200404445251237149011325898747906379777 2.6631637690394561909846478445885821146508184384892736367312e-1
1.2673018877521299367930263302391806245344781185125000667153e-1 1.8077377533687001871609067105772144518291908870764238756993e-1
-5.1891029977917210362874833840777540503464862412324193210459e-1 5.0183593199672125476980379793747497090800084767930906951721e-1

-1.4375962260288259524281692188652335168949749933863992233039e-1 1.0890895485147074738947226148244974929833748901385872009716e-1
-1.3328748696154053100481861913300519343140579670801084565872 3.2361653571651603383425937454819008709375934479416493269729e-1
3.3128396937949364876638199638767587918942600155505407571950e-1 2.4796739590359203102451427022500472806105295643918597208532e-1
-1.6817724588982658119562329570824270118788830234973186720620e-1 5.3647710464124575375898529263353391178645839562546088805979e-1

1.2350904961756335831487419723592566034627576091282783408737e-1 2.4503534068766872220226407202969041611949348339833136629431e-1
-1.2730142809360052701800822167523720786953510140160096144957 3.8462949499389200745578856192118570909006133453488281165527e-1
3.8923335593602220263219758438993306637079350861615354477717e-1 4.1310309140871621469980648285477453750293275116389385921960e-2
-1.4905465261007621530047225034223033505833364867831601911838e-1 1.8566983767741537545856341889335232404769120752333018412208e-1

1.5863183464793755660539693347269743054832136584943448316739 -4.0453839309412365956215791521398427388645830438319684065925e-1
-8.1891629302838105379525489485494362790538064924333697097617e-1 3.4179521947218394839709495513823734599205660840558664176553e-1
-2.7211599487216567752659148756424161318144713878575493719500e-1 -8.9376078691339076135214866694361703089903265818478663922709e-1
-1.5382239342490622230718724612131358247499691978487906777164 -1.0732995335475650471799976535626379754859803239542727200736

5.9111423658487724324063908700734739384757650298323302475707e-1 3.3351045060680205723332155707126884037475317201471655578124e-1
-1.1547096639236815605628507248695948768720545946780441450076 4.5093643738525519033846480545611066654730887297775327513142e-1
3.8559342795843095465291837423830898792697981594170675630531e-1 -2.9921354033261403389831149580296583542619819717695923027491e-1
-2.7593457977366481850682039364298726203034913559888750404092e-1 -3.5713870396920978774332558703876479945006023089324783801994e-1


1 4
2.380243105144668135837213805494201883730362114112576244613197292116482816385641209519780069003806162379740806594012516986672439587666179243604907935946530631148235093205230864967733052019598770936378452359482739482163184100898659075854725978101657197321491375435283872879768682003832969199405000638762649397317e-1 -9.687680841772933459914113411494698642929103269537605474229581576056402084734600133755610206783994753889954502567996861972725243137934000251739612526904461106138126780537132465325939862441271423940060120361340144756960700753071022961824817594165133125692798463541234930027080738665430004352994295363067075684044e-1
5.317255973066339138101579532485252986120150299023491144801064042925323013142745482347060326031520596216829737999226949578490343934692806400594512838581032114606971766844505022413971535286071646480062100519561669771229836922356546949689927131159663540460591242277734604391139479520947483736425678609048074911621e-1 -5.625545032495539449935772495644564788249552634929729650259505773486170158023404677071775364664728395154792112787930179216609571042869444406721473317744492545028630978763625296844772403727045543395110022156184393603067542509679650896566146652657716513465363340867977037366487029172434423994084477617749492565128e-2
3.996432263214474253649090982931164789108630154546447928990425172489506678509308213535607252860707372236840475328270876485322801070345486163140872549099458802767934624902424074749446098181197923696825094767937591063694534578399073810754595391566166303506782774947828632574269055000286288057045557033348426019668e-1 -3.527279509713129093017106802357154024079636998481653771189803797598087725037634743105722518085433642008844196040832132142746046140153883392183478087602788115825097823110943207348314117328156898121870693313815005753550933681875917096076638408917151359732381911519811186984744194144389692080779978691220046656787e-1
-8.820305496646916199919110268897668524839879156938770228486701027085908153260757075540109211724481411301713711019431090959606282600181863080489408668071060509394334939113265390836452253643723840423940018494554850540547481517273994216405310801168528696672378696108627210184809956998495653760988513235496780713590e-1 -4.679255854897829539916259940088024253300564199083967822770283731219899205561341050137064218610053480448869462119982933827617852134071247552527030642844827209259993425829595619714272652075464455110069063564108114646100148651980011773683512548470357376617661076286872923931215036591373323339647215478387720141178e-1


1 4
6.372643394581858342593482552484379009110080927018458599559575078516870864561108948885708394363043633506092633114117241965870695506528069431991134249884720428541870102677814956555808026551836643614826031641476297135293692610832453430737500535182055257259327871697867614176704590801743290872301620790121428889703e-2 -2.986760489803941784153589347236330964856812180899222604226692305051271274396043912430449577056310645983447990222654157317196233169901712584018700811164629026644735963913411187666498353367815884264182536193201568378115261578308119917951909134365307123479191338807996306368295898177679811170376308230602011575961e-1
-4.188785566936262873934256486682820125781843526252875152266275740358938684848282536944566536868057051608545001050217179195302195107513039105423580622103285052475711725842108180155941109609959791693373850904528439921243585512187876480350770295473113684007109542596130876440479977268172335420302364095530389648292e-1 -1.378555474985123564212929869374615493967709257952336113164276839789581964033601456683419511198968633673768605124435933083587032017868316993341561986320177708362589345107703196708610463104047862888613322583774776712415954731877596801348747671041074727749757290352857985292112069153679975097974446943297030304969e-1
5.197453878816439535029155360018242672872721140208016214534211486131175127574103604830177035207613338801019955424840514410904661884672691621998513653298598120882642315815732906559107080446068039218653832847093281370274936188958343072480425827784754255722861094691291369313858168531063441604429707879024413738086e-1 1.477906464614808190716872550203957058154430164378687465093272098423327828021047311160896399823089285800572482002001231853286651689943686155286097419980071821166300961535395905595327542479161087782746132283141400029728598092254593324388674161996462996339997700492707526089380405893392999221723263596118095626837e-1
-5.949948590573403909277448749965209016210469187165492171146741844744811100699948767245615137883554324639382577943111334817475248733081127941541536453864607075136577016284461720484145718637261273559018437364574668472691738824453516499491230799829606215774402480636895758434739899162945644744827883306178357515349e-1 -2.574333631015083005680986190496150807788160735974041022840407025047859321381392215929837852711424117286700166716755276926340783606546360987520525786305218598895834729003433325468701617213368292958082424416590717506042575320399953325342992799214002044717586800911979365840673700783855754814243619274067122494098e-1


