6 1 -1

-2.6966192818441272157489121143923234788988462448276894939757 -1.3935496987490840724632506191399542886790503354934159965117
-1.9080504719815362385852003737489816245592101580291728067938 -3.3902244324964330803082546252833784933609908250627914436560e-1
-4.1655860811619610552210577832341228246883436299471717465726e-1 2.2503519596879640628410794495316773906026989276988408146382
-5.9448796892802362371560991873507036571056571610790542579607e-1 4.0046427311626898322007807074405189126025363955627220742327

4.2758846267895094647566621117694728619617795395930981980307e-3 -1.5274123084520622412917143634008545157478266741810486195194e-1
-1.2684850042438056268590740813704596038913325548133880073363 2.6481631346395281102906044358272120479159402185589319168803e-1
1.2574742027639783914999937044943601849460781784780612232496e-1 1.7849530192114329087605562424405348169301033946108191034694e-1
-5.2017811968129641053797132422286379872866382350615206156688e-1 5.0117855975406828922408001678712061660773269806307133882693e-1

-1.4267853406018904023188846646287278415496465795440507386831e-1 1.0838437572090827858893874291869308231339533499603499404262e-1
-1.3344316603393056903623501167150266265143954896420424645073 3.2409196345175715963652605515534386805584843859425256944576e-1
3.2943620572535984918276555181294798253485305378177511524541e-1 2.5007886945510357667552725117627342570297331843646651742923e-1
-1.6879076138875644655275564093912506037767676668373763246323e-1 5.3755514211621069464148965606762484279757329944817740963200e-1

1.2508736568572552064539947318216224593122333992002645544156e-1 2.4246369164109974560776850305177156564292964253459334523719e-1
-1.2720741698667000584488751952954722838467307743728170906225 3.8705857847957871388929821247896054714933120749642298132118e-1
3.9105246388415488538021728829785673606944483306290379211354e-1 4.3290200786048963669194426964833079297824648432785395754371e-2
-1.4945556871281130768145330026604125589102561792020945755129e-1 1.8502902227549483146648937419581704720822047178372083739379e-1

1.5429160204776838148998972562216268530238618058732660194046 -4.2841667028300815372737373786467101200528725548600666108237e-1
-8.1101406223428196648695169060517678794257565597989423942500e-1 3.3336552593506678817361137199447609663828453479071774179326e-1
-2.6250372112438991099059365136877013950387278207950246151267e-1 -8.7878266783604542715227097561189190411824137676984741456096e-1
-1.5404861190305996705850474400627235899090507687881341533794 -1.0335160240953063075887847226486472158904580012375749157846

5.9496309957075852598001701124272666202912966097304730851399e-1 3.2936880999129289121548351828044118862180560313067077993916e-1
-1.1485860333626535832672737042030526896102244208440969669493 4.5595631596885935401630068543000063682343677639143134723472e-1
3.9389072488019613073497382160154510265876614353483133251001e-1 -3.0100592288999654545671879279245434686144361224685172094991e-1
-2.7600038731340023208449054015497221631506452274574675942141e-1 -3.6394341780835034975009113494794123803381188842312975768932e-1


1 4
2.380243105144668135837213805494201883730362114112576244613197292116482816385641209519780069003806162379740806594012516986672439587666179243604907935946530631148235093205230864967733052019598770936378452359482739482163184100898659075854725978101657197321491375435283872879768682003832969199405000638762649397317e-1 -9.687680841772933459914113411494698642929103269537605474229581576056402084734600133755610206783994753889954502567996861972725243137934000251739612526904461106138126780537132465325939862441271423940060120361340144756960700753071022961824817594165133125692798463541234930027080738665430004352994295363067075684044e-1
5.317255973066339138101579532485252986120150299023491144801064042925323013142745482347060326031520596216829737999226949578490343934692806400594512838581032114606971766844505022413971535286071646480062100519561669771229836922356546949689927131159663540460591242277734604391139479520947483736425678609048074911621e-1 -5.625545032495539449935772495644564788249552634929729650259505773486170158023404677071775364664728395154792112787930179216609571042869444406721473317744492545028630978763625296844772403727045543395110022156184393603067542509679650896566146652657716513465363340867977037366487029172434423994084477617749492565128e-2
3.996432263214474253649090982931164789108630154546447928990425172489506678509308213535607252860707372236840475328270876485322801070345486163140872549099458802767934624902424074749446098181197923696825094767937591063694534578399073810754595391566166303506782774947828632574269055000286288057045557033348426019668e-1 -3.527279509713129093017106802357154024079636998481653771189803797598087725037634743105722518085433642008844196040832132142746046140153883392183478087602788115825097823110943207348314117328156898121870693313815005753550933681875917096076638408917151359732381911519811186984744194144389692080779978691220046656787e-1
-8.820305496646916199919110268897668524839879156938770228486701027085908153260757075540109211724481411301713711019431090959606282600181863080489408668071060509394334939113265390836452253643723840423940018494554850540547481517273994216405310801168528696672378696108627210184809956998495653760988513235496780713590e-1 -4.679255854897829539916259940088024253300564199083967822770283731219899205561341050137064218610053480448869462119982933827617852134071247552527030642844827209259993425829595619714272652075464455110069063564108114646100148651980011773683512548470357376617661076286872923931215036591373323339647215478387720141178e-1


1 4
6.372643394581858342593482552484379009110080927018458599559575078516870864561108948885708394363043633506092633114117241965870695506528069431991134249884720428541870102677814956555808026551836643614826031641476297135293692610832453430737500535182055257259327871697867614176704590801743290872301620790121428889703e-2 -2.986760489803941784153589347236330964856812180899222604226692305051271274396043912430449577056310645983447990222654157317196233169901712584018700811164629026644735963913411187666498353367815884264182536193201568378115261578308119917951909134365307123479191338807996306368295898177679811170376308230602011575961e-1
-4.188785566936262873934256486682820125781843526252875152266275740358938684848282536944566536868057051608545001050217179195302195107513039105423580622103285052475711725842108180155941109609959791693373850904528439921243585512187876480350770295473113684007109542596130876440479977268172335420302364095530389648292e-1 -1.378555474985123564212929869374615493967709257952336113164276839789581964033601456683419511198968633673768605124435933083587032017868316993341561986320177708362589345107703196708610463104047862888613322583774776712415954731877596801348747671041074727749757290352857985292112069153679975097974446943297030304969e-1
5.197453878816439535029155360018242672872721140208016214534211486131175127574103604830177035207613338801019955424840514410904661884672691621998513653298598120882642315815732906559107080446068039218653832847093281370274936188958343072480425827784754255722861094691291369313858168531063441604429707879024413738086e-1 1.477906464614808190716872550203957058154430164378687465093272098423327828021047311160896399823089285800572482002001231853286651689943686155286097419980071821166300961535395905595327542479161087782746132283141400029728598092254593324388674161996462996339997700492707526089380405893392999221723263596118095626837e-1
-5.949948590573403909277448749965209016210469187165492171146741844744811100699948767245615137883554324639382577943111334817475248733081127941541536453864607075136577016284461720484145718637261273559018437364574668472691738824453516499491230799829606215774402480636895758434739899162945644744827883306178357515349e-1 -2.574333631015083005680986190496150807788160735974041022840407025047859321381392215929837852711424117286700166716755276926340783606546360987520525786305218598895834729003433325468701617213368292958082424416590717506042575320399953325342992799214002044717586800911979365840673700783855754814243619274067122494098e-1


