6 1 -1

2.3182282089866648568403027537688842957952337814321515361073e-4 -1.4670852903268691633664694205698660522705350830311185949689e-1
-1.2496935239926296546940262473080544611131107097662623227853 2.1540191219832980305984687342137974650431770457634404237147e-1
9.1047595186472643915349845118865860435983892196811243579945e-2 1.0406545425596848156414476395415861932142018166839584846471e-1
-5.6350756815083334079044668983209789198751231817958727909155e-1 4.7940021406003214855086481259904069214274953852686587413591e-1

-4.7414324825208315330377805561040308050548824417126581602110 5.9761465854266587792723499079973513518165452899948845032035e-2
-4.2676779972721128296830416861367639371108067916434077791586 -7.6457739811399181090794738739584936054511420649411013501373e-1
-1.5849576473201633720179883621429365218916394078761272444219 4.8305871237384656078965674529328744765011847380879685352024
1.2070834786099577322064402198804697162291521273037032144258 7.2172703806707828421993000349325936644962382152597300843431

-1.1714092724402993746200721288269560973806276358948440831850e-1 9.5459110847295207594176271735643894722257281246540480295709e-2
-1.3798575202452799129188584833620909346158231307200246096344 3.3961153836823595481148893800070544175774299422741281729637e-1
2.8177149218589989946096292593899239300618067163390481905799e-1 3.1496563154280574312791874992348839814601951011419008421203e-1
-1.7961360680322485633227369836870407274025118833411035602688e-1 5.7247409105049141841956705785621030048811891616290238760857e-1

1.3954123690642509239100250699413537528949646724018645137177e-1 1.7373043646925468053727865613075868849279188829779869436914e-1
-1.2374099188326340447008658654898811862230185466423559089350 4.4868210470428289195654236369052931509050218089215106802139e-1
4.6011900713246984398284765904544517400002512979607456945898e-1 9.4535170603206579252489379305396983758721369961873912535495e-2
-1.4714522967767798783427802437392255394101122890327626192493e-1 1.7991701847604933261264020220263580357605511745695385790957e-1

6.3488427081326163166198479395021313085941033734777847899832e-1 -5.4261636387558171038364585616371216252457507978537530925593e-1
-7.5959290743680904070524617462099961914358851450585418231381e-1 1.1592073260318271992501202951053111937789705532838319918622e-1
-4.5370381468504061062129554966051749966438593352440382663181e-2 -6.7443933562467304959233700435578122904985961033992096170383e-1
-1.3287930528509129956074325375264565351997090430535715574731 -3.0792321870309276922631198227365810121532034121836600363504e-1

6.2967534942251341694135229437974895693944664925986005087570e-1 1.5883511216528660593441441358956556261849379267240671735773e-1
-9.2695656620023299094347282771183311207934732829050143785288e-1 5.5401784802929942694361427976459012445967530287123686271894e-1
6.3967870380845635997481168345185085817382837366681838893525e-1 -3.9147993028265653008098024257175376676650863795588255876115e-1
-3.2091846193441086755839340342643544369078270864954519039973e-1 -5.1856461826774561505804865792545955895534655215497449498799e-1


1 4
2.380243105144668135837213805494201883730362114112576244613197292116482816385641209519780069003806162379740806594012516986672439587666179243604907935946530631148235093205230864967733052019598770936378452359482739482163184100898659075854725978101657197321491375435283872879768682003832969199405000638762649397317e-1 -9.687680841772933459914113411494698642929103269537605474229581576056402084734600133755610206783994753889954502567996861972725243137934000251739612526904461106138126780537132465325939862441271423940060120361340144756960700753071022961824817594165133125692798463541234930027080738665430004352994295363067075684044e-1
5.317255973066339138101579532485252986120150299023491144801064042925323013142745482347060326031520596216829737999226949578490343934692806400594512838581032114606971766844505022413971535286071646480062100519561669771229836922356546949689927131159663540460591242277734604391139479520947483736425678609048074911621e-1 -5.625545032495539449935772495644564788249552634929729650259505773486170158023404677071775364664728395154792112787930179216609571042869444406721473317744492545028630978763625296844772403727045543395110022156184393603067542509679650896566146652657716513465363340867977037366487029172434423994084477617749492565128e-2
3.996432263214474253649090982931164789108630154546447928990425172489506678509308213535607252860707372236840475328270876485322801070345486163140872549099458802767934624902424074749446098181197923696825094767937591063694534578399073810754595391566166303506782774947828632574269055000286288057045557033348426019668e-1 -3.527279509713129093017106802357154024079636998481653771189803797598087725037634743105722518085433642008844196040832132142746046140153883392183478087602788115825097823110943207348314117328156898121870693313815005753550933681875917096076638408917151359732381911519811186984744194144389692080779978691220046656787e-1
-8.820305496646916199919110268897668524839879156938770228486701027085908153260757075540109211724481411301713711019431090959606282600181863080489408668071060509394334939113265390836452253643723840423940018494554850540547481517273994216405310801168528696672378696108627210184809956998495653760988513235496780713590e-1 -4.679255854897829539916259940088024253300564199083967822770283731219899205561341050137064218610053480448869462119982933827617852134071247552527030642844827209259993425829595619714272652075464455110069063564108114646100148651980011773683512548470357376617661076286872923931215036591373323339647215478387720141178e-1


1 4
6.372643394581858342593482552484379009110080927018458599559575078516870864561108948885708394363043633506092633114117241965870695506528069431991134249884720428541870102677814956555808026551836643614826031641476297135293692610832453430737500535182055257259327871697867614176704590801743290872301620790121428889703e-2 -2.986760489803941784153589347236330964856812180899222604226692305051271274396043912430449577056310645983447990222654157317196233169901712584018700811164629026644735963913411187666498353367815884264182536193201568378115261578308119917951909134365307123479191338807996306368295898177679811170376308230602011575961e-1
-4.188785566936262873934256486682820125781843526252875152266275740358938684848282536944566536868057051608545001050217179195302195107513039105423580622103285052475711725842108180155941109609959791693373850904528439921243585512187876480350770295473113684007109542596130876440479977268172335420302364095530389648292e-1 -1.378555474985123564212929869374615493967709257952336113164276839789581964033601456683419511198968633673768605124435933083587032017868316993341561986320177708362589345107703196708610463104047862888613322583774776712415954731877596801348747671041074727749757290352857985292112069153679975097974446943297030304969e-1
5.197453878816439535029155360018242672872721140208016214534211486131175127574103604830177035207613338801019955424840514410904661884672691621998513653298598120882642315815732906559107080446068039218653832847093281370274936188958343072480425827784754255722861094691291369313858168531063441604429707879024413738086e-1 1.477906464614808190716872550203957058154430164378687465093272098423327828021047311160896399823089285800572482002001231853286651689943686155286097419980071821166300961535395905595327542479161087782746132283141400029728598092254593324388674161996462996339997700492707526089380405893392999221723263596118095626837e-1
-5.949948590573403909277448749965209016210469187165492171146741844744811100699948767245615137883554324639382577943111334817475248733081127941541536453864607075136577016284461720484145718637261273559018437364574668472691738824453516499491230799829606215774402480636895758434739899162945644744827883306178357515349e-1 -2.574333631015083005680986190496150807788160735974041022840407025047859321381392215929837852711424117286700166716755276926340783606546360987520525786305218598895834729003433325468701617213368292958082424416590717506042575320399953325342992799214002044717586800911979365840673700783855754814243619274067122494098e-1


