6 1 -1

-1.3196025530859353296442765611056128536826207406952345682833 -7.4586037143535178222953661184325590225513329105772483376087e-1
-1.1872532708076159851988868415575477412610499543924617105848 4.6912020684895439410561824346236973288774822514505177244053e-1
8.6941168998778408663161824739225694163536909489507981181050e-1 1.2287334497896095507016141570798909179499480947366960760425
-9.8235632713246407638095897885958174906503286900977306672841e-3 1.8208830970548420583041711336701370914999053912974626446980

1.5363789253218883894707495985402981572097573808699044261176e-2 -1.6013555750655027081626334308644662137323974661364313880355e-1
-1.2956744457946753215336281027474790270142581421953841102501 3.2361338230039857898902855083394819238372549768078585109117e-1
1.5867222202006710120169869923159766903236747527695780848668e-1 2.6997115892926966917423903645433083823841524102567230358414e-1
-4.7262437595110818125624257342641801148780193521436358186393e-1 5.2723708867839976565107682520572405344997885788934905313573e-1

-2.3569470278861797025996815013007337102394438028085587787331e-1 1.2394276607476749318520510128846896249420916259790796866687e-1
-1.2510314392566333483507312003076122949458714823556296286901 3.0831869079527476556052976891116317443677769896689820049281e-1
4.5253974564553141207960327898782618111008851520205005457643e-1 1.7009915619772545968326541196594217845344868053937104588847e-1
-1.1551514525248791765589438670690456054651329318521283793340e-1 5.1535768758830757392880404426649533219806190575384369748238e-1

-8.3599296302161147621103877940898372217472801718869448876227e-3 2.6579190121735271346464365218991723969886225702392649176660e-1
-1.2669045013075512415851409331022497266784563384735307862993 2.7898389538018605174362690826885776427588114447506012500100e-1
3.4861610808758328333945923532267667053203305463395320718607e-1 -2.3094578578496357787051088296453071727350102042881217373365e-2
-1.6548240285184792496855844966136976304032029040154972373667e-1 2.6780721103886360488229638445107974102543526515193345729380e-1

1.4990209223859502292056035229832348019128221466897490546881 1.9951070014153227497201344201882090175061396417986041189796
-1.3236293026898259412630292747303348269891748061331960139589 -8.7593378905029196414231732980626382236213515420112482307464e-4
-1.9939265752071797418794370093993772458306091574670094339530e-2 -1.8646693864263524427037025015421814910505072348056942186311
4.3551649309317696144864387968729867707609186872898965516617e-2 -1.8841437380299893777117354538016736564550696438236112042687

4.1851302466006434775002589354159114462747342811518440171845e-1 4.0927870141334855637466201946658833630497897074097190320838e-1
-1.3042685359671037608620835062666481028480298105276753358833 2.3719640492519844773366972259697464110934564874026887752573e-1
1.0354633878819934935464818297399672920794592689012631846982e-1 -2.9853821105735087420852746621136391205702371861359947559330e-1
-3.4347910403476389964909057799768459988314677084825073275827e-1 -1.1749929456143051802701239236770820475756424083419516959726e-1


1 4
2.380243105144668135837213805494201883730362114112576244613197292116482816385641209519780069003806162379740806594012516986672439587666179243604907935946530631148235093205230864967733052019598770936378452359482739482163184100898659075854725978101657197321491375435283872879768682003832969199405000638762649397317e-1 -9.687680841772933459914113411494698642929103269537605474229581576056402084734600133755610206783994753889954502567996861972725243137934000251739612526904461106138126780537132465325939862441271423940060120361340144756960700753071022961824817594165133125692798463541234930027080738665430004352994295363067075684044e-1
5.317255973066339138101579532485252986120150299023491144801064042925323013142745482347060326031520596216829737999226949578490343934692806400594512838581032114606971766844505022413971535286071646480062100519561669771229836922356546949689927131159663540460591242277734604391139479520947483736425678609048074911621e-1 -5.625545032495539449935772495644564788249552634929729650259505773486170158023404677071775364664728395154792112787930179216609571042869444406721473317744492545028630978763625296844772403727045543395110022156184393603067542509679650896566146652657716513465363340867977037366487029172434423994084477617749492565128e-2
3.996432263214474253649090982931164789108630154546447928990425172489506678509308213535607252860707372236840475328270876485322801070345486163140872549099458802767934624902424074749446098181197923696825094767937591063694534578399073810754595391566166303506782774947828632574269055000286288057045557033348426019668e-1 -3.527279509713129093017106802357154024079636998481653771189803797598087725037634743105722518085433642008844196040832132142746046140153883392183478087602788115825097823110943207348314117328156898121870693313815005753550933681875917096076638408917151359732381911519811186984744194144389692080779978691220046656787e-1
-8.820305496646916199919110268897668524839879156938770228486701027085908153260757075540109211724481411301713711019431090959606282600181863080489408668071060509394334939113265390836452253643723840423940018494554850540547481517273994216405310801168528696672378696108627210184809956998495653760988513235496780713590e-1 -4.679255854897829539916259940088024253300564199083967822770283731219899205561341050137064218610053480448869462119982933827617852134071247552527030642844827209259993425829595619714272652075464455110069063564108114646100148651980011773683512548470357376617661076286872923931215036591373323339647215478387720141178e-1


1 4
6.372643394581858342593482552484379009110080927018458599559575078516870864561108948885708394363043633506092633114117241965870695506528069431991134249884720428541870102677814956555808026551836643614826031641476297135293692610832453430737500535182055257259327871697867614176704590801743290872301620790121428889703e-2 -2.986760489803941784153589347236330964856812180899222604226692305051271274396043912430449577056310645983447990222654157317196233169901712584018700811164629026644735963913411187666498353367815884264182536193201568378115261578308119917951909134365307123479191338807996306368295898177679811170376308230602011575961e-1
-4.188785566936262873934256486682820125781843526252875152266275740358938684848282536944566536868057051608545001050217179195302195107513039105423580622103285052475711725842108180155941109609959791693373850904528439921243585512187876480350770295473113684007109542596130876440479977268172335420302364095530389648292e-1 -1.378555474985123564212929869374615493967709257952336113164276839789581964033601456683419511198968633673768605124435933083587032017868316993341561986320177708362589345107703196708610463104047862888613322583774776712415954731877596801348747671041074727749757290352857985292112069153679975097974446943297030304969e-1
5.197453878816439535029155360018242672872721140208016214534211486131175127574103604830177035207613338801019955424840514410904661884672691621998513653298598120882642315815732906559107080446068039218653832847093281370274936188958343072480425827784754255722861094691291369313858168531063441604429707879024413738086e-1 1.477906464614808190716872550203957058154430164378687465093272098423327828021047311160896399823089285800572482002001231853286651689943686155286097419980071821166300961535395905595327542479161087782746132283141400029728598092254593324388674161996462996339997700492707526089380405893392999221723263596118095626837e-1
-5.949948590573403909277448749965209016210469187165492171146741844744811100699948767245615137883554324639382577943111334817475248733081127941541536453864607075136577016284461720484145718637261273559018437364574668472691738824453516499491230799829606215774402480636895758434739899162945644744827883306178357515349e-1 -2.574333631015083005680986190496150807788160735974041022840407025047859321381392215929837852711424117286700166716755276926340783606546360987520525786305218598895834729003433325468701617213368292958082424416590717506042575320399953325342992799214002044717586800911979365840673700783855754814243619274067122494098e-1


