0
-5.582357588210265e-01 -5.752725231849278e-01
-4.931857974671096e-01 -6.243624262109645e-01
-6.253509935049830e-01 -5.157206347986651e-01
5.571281150802389e-01 -5.551602773953518e-01

1
2.471186646830470e+00 -4.601708945198699e-02
-2.548843218952529e+00 -1.985290365351651e-01
-2.472899266786712e+00 4.293684248783227e-01
1.759159974150897e-01 2.512839446331466e+00

0
-1.034140666809815e+00 8.406737224334340e-01
-1.029984346083935e+00 7.751556612264363e-01
-1.195687656076111e+00 5.499118156547527e-01
4.854012083671268e-01 1.208373759176828e+00

1
-1.093930403961871e+00 -1.504555348472616e+00
-4.023551122557321e-01 2.248489616752853e+00
-2.110179698038606e-01 1.789512970330942e+00
2.837216491857009e+00 1.032064184961947e+00

