0
52
-2.804424869052698e-01 -6.688275926488523e-01
0.000000000000000e+00 0.000000000000000e+00
52
-2.804424869052721e-01 -6.688275926488466e-01
1.755416734288351e-16
1.000000000000000e+00
1.236000688483892e-16
3.906250000000000e-04
5.938396050593800e-15
0.000000000000000e+00
1
0
0
1.000000000000000e+00
0.000000000000000e+00
1
52
3.072758367099944e-02 1.846374220338032e+00
0.000000000000000e+00 0.000000000000000e+00
52
3.072758367107672e-02 1.846374220338194e+00
2.186885739562628e-15
1.000000000000000e+00
4.850975635023294e-16
3.906250000000000e-04
1.788478753104618e-13
0.000000000000000e+00
1
0
0
1.000000000000000e+00
0.000000000000000e+00
