52
2
6.980624268664517e-01 2.740802981208004e-01
-2.608701665087517e-01 -6.221495444051244e-01
52
6.980624268664517e-01 2.740802981208026e-01
-2.608701665087539e-01 -6.221495444051192e-01
0.000000000000000e+00 0.000000000000000e+00
1.000000000000000e+00
0
1.000000000000000e+00
0.000000000000000e+00
0
52
2
1.157302427008410e+00 1.083003057634586e+00
2.858307939400390e-02 1.717514188425199e+00
52
1.157302427008458e+00 1.083003057634630e+00
2.858307939407579e-02 1.717514188425350e+00
0.000000000000000e+00 0.000000000000000e+00
1.000000000000000e+00
0
1.000000000000000e+00
0.000000000000000e+00
0
