6 -1 -1

2.677577530885160634937846164381036569051530051227249522770170211523882279905148877023308e-2 -3.329850073487061745642491374534052562513437914597134346359345425718719740273538170808933e-2
-4.590482038601681071635372196774085787685840749847564374874038146903521156118193748463404e-1 -9.784119174896317691177349881643466051843802232711897575326976851322660804535306001233070e-2
1.338762872686663798882390026899330220281798100353433727196813905335648427263830364377784 -4.956222277965361937862587311889474525669924485061343684088486051449788412903396794485570e-1
4.036128252398424219828963894844207222121737348721438234812364297897344130822309831179481e-1 -1.350501315834657190419680775745974052026709354339659217737569185071294529331397603298781

-4.276529089837142495639036846370532037582426732825449295471509009812497568716053877550724e-2 5.135741126250450274853237257743828981678917208229673410322573563430658158501103793883675e-2
-3.494763957374005259801024867674010828339248159663043168426742910604483955222090054069474e-1 4.502311694341701053668979941821859100682447474771409268974686628799202604350461987650609e-1
9.172612570837472993146280566207546273283216765858076053541878816427189924064793907966687e-1 -8.719724817894075242716483432194503833174495039651102421816530865125698697469330840530115e-1
5.021136916534674810857880047876098511290940287410050729017676785516305124117931703852877e-1 -1.054474591320888945943516512691288551983181637824442419896160502664728219333078111215695

-3.783798674900341047016517735355983410992127474777591100429786458149034782366629213036366e-2 3.316368088494232764158142194007241781469686678265193760975780613104111628748000600818043e-2
-1.369614821309260143188514044806900085298115352224469007355966495153682923070513258842841e-1 -4.313127381920309327911923297557736580852961293759408024884908151831246113065068494730699e-1
1.227021730622267329362044726972474904660459516640953408465208141115034145500115370727524 -9.593721148361073237528153318632395792819126888629923268452954980867354060411447778060195e-2
5.345562780546539008095688666649334210496262102105249628062608684690301581555002597205425e-1 -1.467327638089350719954949793452437642864255917670347817280641821183246508758503394152221

1.695348431846207564517628859843268254637257688908125000232222362021956451952771419933184e-2 -4.620127300979453860866116633957625963619185925164939671231469265095397838919525578409262e-2
2.213909274620105429029784280590888596051696957782581133745971836963237278828190249235475e-1 -4.138517199435021241784590753009435011825197919606585819152473289370302886797475770541632e-1
9.947555413622820450745802490487664210745392909803293463319854665783191930064247222755600e-1 9.162553453395288737527478444769469216639113054138042785298571941029880959749863049087235e-2
6.767136320581276845409548594624152498067328440257493423768276063160569859384299406089553e-1 -1.533196779876287438873704030168812557613417763809535719188846853345885158311420564590001

-3.668361775789851530211136861048481170755876592372676290980037066274887934630635371872451e-2 3.636995093625241862017482422755763591508684617144877692889105229002470016728463376624428e-2
4.933824571968044931349539812678778322165603449495459949757659695680193149295877486126295e-1 8.194112441279955266071818525415902283656158708341004116329458047422401527248050718259086e-2
4.815559840636780779093906712494683641012309517914720649333570240063424774679833276519670e-1 -1.530292455188974155267152740470809111354312530165561252889051844530063921448728087748860e-1
8.483394930748236316409455991231352158522632616173133498014287820763369625888538914428522e-1 -1.278476537272356685156871509027880466883394339079216751595512113289114432163500266014539

2.315805039917100001354557846269202131711460164119369433615518262011269936657265802890002e-2 -4.219430311974734535718253365367189014875960007649153204974683018561194302366715356282908e-2
2.205616872133869691913128904418877945274844803331553205586959354013678111991173265682793e-1 4.367899946621333246906350633875454275363290260642058177460188271334830739284446166605772e-1
5.500078466370186477772007610986124535746729199120248888558364989539681029345570557111863e-1 -5.474109199790563389446398036128849829569144432358207666828741804704448832835632755356865e-1
7.335189565626875735928149276787991085032147485212194106148507425276861969650339222647369e-1 -1.157078337505640015875197106545272814296482655426549852487730657645161871805568656374423


1 4
3.052054794224066762097972596993173099853622063185720591368075532096205665889685814167330067186931805613274345024434616518243260690103380668437707835896470540384756627795909399162803427542520479691776586064506211252137929787585989363989340004653076182660900741154542188592540160115603177742207248974429396912611e-1 3.135848023871421551386844623390153198163536985592670511569693226463094705567921205382761001061387502031775716619446593061030551135680384978384555678886736682534102412621402882362788869702749639945321404913147968867476006710207064508516457353746020456160984630678675197925992948285530296790506506721430918330618e-1
-7.930557124765482707950852970718782522292639081042001726576358017928656549470058653058772297597622451557480358512190858881667607829740823186048669199983193516932893870782794833312132030130806628844355809294416740458233541737885666493682429117534122146961414846205682432847366339516932260846048443548000547885772e-2 7.846929775206630620670678967980025608452700846823688737691901177531073484080332394687891376133436437289847123711758382278075780261473034168542795956080285379795771822451333404938851723410110048504828369940094081068703093027437730204753852219457633767789584957685013308661819208743359178694500610903351321807422e-1
-3.122206663437986240074156783454129955484908662066823161759262899110564588068784603120874341060413289503153428695194548818264610961808040390770198517400283916176879879087367822762294636235966489701159828055696984224230832490306130016469252093836940839414328913429707142196327712654032783517260731214291101336992e-1 6.791349630664178576355647593026538447981675472256884264904913785455699332746844053540501993809916314233141512127342749846902227645140066592680872797636866176618960895496606597137481241378760824354087212320423428620224424664195344355031469741515946967639462364963961896683452102022386433841441179096343256921994e-1
4.721981422879797045142450487898607140899439873001676311906190851524616757491718748177574331461846863054765482975748782817377630265066944017463208502308361470456541853137274737954654254950622765098000395653514495773537498161413920086506772215933173267168807178306747044427540254919814378311353622050350290488913e-1 -1.784408233202124678379219905940719395896970084795489887432028285559250476234117206890126923991169256576542672537657220760656888617258239786569219936894329658482776865234730648888983536949515971149101670240653050739209555637810514983997413875362572133832932492251504202424299876592497549019821530682620262159422e-1


1 4
-2.361218503811459269335926379628325137703453285261074698050372325891560676176332298213152215158644671328100934835570279795454733100003459329365562302527836345552628513429131357191151607866755045670723836360312639690557646802666140758901463962885150929059735537328608836772986706076365279652247948498229466639898e-1 -3.804638995448219515277730615653943821304017166389147442724186304852157489049178941305732946721302219264745066779750830101401547095154973117144063536636182125768048704973801301817338267421948255082848575474012766238409681964178790809708771015802278372101473509810139206363987236710406894738168820165518748257687e-1
4.235698739535829051322835886363699274660892812234115171607600733699965449381027547346211367386992070959266492700496721541234434962460933345443577876696936079610922144066948636390131676364314126903302538688642196167202270667595376827475018325744808621539112875170313798984881173561648060982450791973215571197541e-1 -4.157881385488949176853911701136243103107631142197397850113866556673013732306391883346604954831157293957749002107113437785690340172546044893845393451985208254314631782455987645321883555807756373056929720995166539331690006818494953409566153006317756357439612096978046497263830115787322761870273791291289960486801e-1
5.802486248715650414030429274609945971425327171035104591387033121929877661372070266159998885881968636907813525801941746392878516599499647786272986712902046998733154808731793557120594129296061776293387335238289758798017675478759971008907180596086551238056439813957273237252681003996399398397685643476242461490867e-1 4.086243179942741231153745175470529390317590931993834429702745353027585265851869937270482780281644582709243346092060951307475622762927175681231606413290733333813699901684470091598826799671602109076570747621831458088946726635045852390147465660679356905822634797494626144954663247899486863721131613325514757611936e-2
3.454040469435639617527496942527542289145501765782437569139104450125615934658518084689586231292867111724539663653245626651257349960969346488134743623013614750668917406684810288152971322088066278115519852027979987980689503483064583499352934910161252730047375249516647336590208302015108830277950544800145611760550e-2 3.281024749714138309463721590589566809474813822899780227364386795130950108639981053959186994123447495835387643227381509495583384167284341343936300746223588620591489961155090476498282736329885243094709039545225693499264084154389809948798977959765652864258845343881734097839278374042007059096178003261890731060871e-1


