0
192
7.3503669966824516910251958441304142321977708502551857205386e-1 -1.1976319736978587226807791725781514407730998040587669436184e-2
0 0
52
7.350366996682453e-01 -1.197631973697857e-02
4.91242417704199e-57
1.000000000000000e+00
1.64729594522659e-66
3.90625000000000e-5
2.60208521396521e-17
0.000000000000000e+00
1
0
0
1.000000000000000e+00
0.000000000000000e+00
1
192
8.4330284286511255287562547779533128545272818829227960918799e-2 -2.6838578711936607715121779975957621754709570378593206852085e-1
0 0
52
8.433028428651126e-02 -2.683857871193661e-01
5.69961889231555e-57
1.000000000000000e+00
2.03953326692053e-66
3.90625000000000e-5
1.38777878078145e-17
0.000000000000000e+00
1
0
0
1.000000000000000e+00
0.000000000000000e+00
2
192
1.2888892506896197546033062125534351211438312529557749256981 -3.3576492377502080071099824428201627781895031610065386866999e-1
0 0
52
1.288889250689620e+00 -3.357649237750209e-01
1.78540050063521e-56
1.000000000000000e+00
1.24091923211418e-63
3.90625000000000e-5
1.66533453693773e-16
0.000000000000000e+00
1
0
0
1.000000000000000e+00
0.000000000000000e+00
3
192
1.5077121809324757256323184718407154838906026111966883636287 -8.7659155058703097677941842177715502347530862376342144432175e-3
0 0
52
1.507712180932476e+00 -8.765915505870416e-03
2.84980944615777e-57
1.000000000000000e+00
8.29762861621911e-63
3.90625000000000e-5
2.34239062831692e-16
0.000000000000000e+00
1
0
0
1.000000000000000e+00
0.000000000000000e+00
4
192
-2.1700573526073403357727447210858431926786715850633561714262e-1 -7.6298879661411391951014682768758960224744152361988226355038e-3
0 0
52
-2.170057352607340e-01 -7.629887966141139e-03
2.29405235203073e-56
1.000000000000000e+00
1.44456068215599e-66
3.90625000000000e-5
2.80923457078267e-17
0.000000000000000e+00
1
0
0
9.999999999999999e-01
0.000000000000000e+00
5
192
3.2588753402300928327445458067332271356429526107066199748300 2.7799432312986984313538684051310761792854188625555799139149e-1
0 0
52
3.258875340230093e+00 2.779943231298695e-01
3.39971063383851e-54
1.000000000000000e+00
9.24851514555439e-64
3.90625000000000e-5
4.44089209850063e-16
0.000000000000000e+00
1
0
0
9.999999999999999e-01
0.000000000000000e+00
