22

0.71625559534142326719375017275459286326295885087980115086132e0 -0.88644839127984391293263023679867346357349631302533932147299e1
0.51170653580520357084444287529900364209068741072751874685842e1 -0.80189550344359714101157550662315041418618141691923761121486e1
-0.38866898206365342674840209274612304474972769402653657871388e1 -0.96782084349015779363027207832324026929429751359877186945664e1

-0.22451426178250863652298185486279859741977491605639578117342e1 0.73311901143180616568718298055048719608467422926866736484110e0
0.73446084801567726659042974199008626008534802930007784880806e0 -0.72044976378686801951046406351338123452928903354378337442383e1
0.56480201425165388963085795817398724555715407545324095447644e0 -0.44919388236873476682858624236614220731052525610459393004517e1

0.13805933462432075987756925537408935258693940047102486322982e1 -0.95848628675707620238723050525380636086426306286744194557212e1
0.42554865379085736705109234296334099980449126372364596898413e1 0.62673415558946998377186919389726730037434107531704875946437e1
-0.59043145070042092879422390992209272867758698928796144435808e1 0.32021369493677099153333421803938948977999250139613718308178e1

0.18983638645478149457582325457558106265497004041648768827835e2 0.60856480159430327589586550675835597861229051067830968818091e1
0.17966298220684262111278345389483691453554906893749407959877e0 0.10573988898642904449234869456792216948986280622530442829445e2
0.82760289054503131033636119989941152785559441376462304734050e1 -0.69129330313003344277159821728293948785313789260371814376120e1

0.47773400046090712589427935747625695380778807111146566740825e0 0.23092773456428504223127662556373690483315867290258079285032e0
0.50114815538027669124335998339696258773025106552355229302438e0 -0.10543526081635783805657679123242357760876137755868055596743e0
0.46452641964741415343136006236190708570405878083716726559709e-1 -0.40939216930570232161908752457506778864607191309651618376756e0

0.90228171099281874519795314222912515660366573937736584043196e-2 0.84752660965817093056105210169795028227716741300132271949504e-2
0.77614219638472020839457095978074022939974002879657020721007e0 -0.10896230067818857175009257869730394977636900276011134985195e0
0.10794631379697988122704896421054515657608998347364286455778e-1 0.91743148544547798153984811428619718318988230528839859559030e-2

0.38154230146033218794496296133277042664000686255811621001897e0 0.69880349059736323957410474807747257523345350043079382883295e0
-0.24570868734062313001005651412871686856861263843521574412867e-2 0.70608174546759952820803946374545908759850527484399961135554e-1
-0.11490170313583530980290695903826193028926731302457941751697e-1 -0.84846102913323971824543762934078011180783708817018500128012e-1

-0.73789788969467506835167341841877423683888127120301951811440e-2 -0.87615432981525266740556526087255970774447560385208816209524e-2
0.77259996751529214992399286223578216886856990835151322995241e0 -0.14666085758163312489838164662746839475206832078256076256699e0
-0.10520190996200802805843914305434696382562949021093885398404e-1 -0.14474719628438542427833238123190193391734859565875565556373e-1

-0.10889445595077909723276180101555897844790991017754456375426e1 0.84939682388846812112570923263661776429599928138582772740201e1
-0.30292248933502084322144422994699303603674063207417459697500e1 -0.54423020058282968312405532542069963449905540277117637151869e1
0.45531785661786907546716443188631644983413668632260627381714e1 -0.26636616064206758229747599424327655629753949496315891606997e1

-0.28635858814147875305218782741779202899327834009280596856322e0 0.49596124358014842603632149081611970026967572934257078042196e0
0.43539597836671724506168394150778811405752605679071653816404e0 0.77901005902170690558818178156770621187079008944937324589541e-1
0.90953619662972010961103158182102699792801765406373165377964e-1 0.54621096524769041878470819883911394245502208632286453519443e0

0.25878666233901670587593169918952268024204305089676423336436e1 0.41130127629436461254562737800281953530239517191835732618869e0
-0.10298017017433322668503801011470567873317878288501969745204e1 -0.50860400636581479155747917161024916879020725935094362404014e1
-0.64584782894135109709603284563813633661304660662008686369866e0 -0.72433316950586493070500121227884592359027413545755388005058e1

-0.18959376341984711091092895159193538145435114188647713896110e2 -0.95171512462117726972307279758733799263714658599849384977771e1
0.23036962337467752612421085136875173896037128583445592904686e1 -0.11606792981831830510201710611867202868298896957015299354124e2
-0.10640677477352973218273565694314538419098345633386265358865e2 0.55563477170481986390792436723464900162643693024030070929486e1

-0.59299766936285218854065455977879838053327015545058443508371e0 0.81512585145893634844971018549886532662630050979199801078665e1
-0.40240670755302569053034152831399803675943074267533505354384e1 0.70864621146166331912814863353532274384005425768720668630046e1
0.28165828318160098084919387547722759155008612309757294353362e1 0.87577182851947821589753195995184963471732864216803476434076e1

0.45732081551326196018163747403820421272599035060910649214524e-1 0.76597658527124116813287193490946041589153856436403003840473e0
-0.17959198704471971285215755419357105191055142769236735246160e-2 -0.90370281025025438610928394652577753729292000391586729432496e-1
-0.51193992174184622653309311295086305595980020683310456815444e-3 0.95994540798328070996995325700354080220425727536654861741322e-1

-0.26472676528871981280395892151804555099572785436817933738530e1 0.28102898091949542343278731899825924175094986558666245221730e0
0.19233177818177407309189244214166760703732011802786447741908e1 0.48618021054672263229443040689544555332777065928276810023165e1
0.67163811250431671874505910357670115344010247633660185253359e0 0.74245786237072183690673947481970397162803087136492362255053e1

0.37017642194571172145980975053313446219118638963464366743029e0 0.28686759058790677139473065349502046619774168157090595490328e0
0.12777089721013562863633573474314156149219834528112018845305e0 0.44739420680693586050345155665592497864203867751482531946046e0
-0.30113896928730848987925541366652531368158931635296523647400e0 0.21763818023355382899289253936756013288093997831786650713519e0

-0.37075067338426035037774984760895315112782054421917751642436e0 0.48620494616944745369814191491701207513750767114482927221055e0
-0.25261936046771004652926055664171304655527783342088987437988e0 -0.41901037791283874405830686562183727853859384470269244999429e0
-0.57140549406595872328351189275803663772590423321886772764253e0 0.11956667799156331647042539962704598800716325046965049373373e0

0.24687203479314756748536623929757827074454339072983661951032e1 -0.78997700933530586486305168741993130832954454796582470265637e-1
-0.81043659447927342181657641956949633979425723457688890075452e0 0.72724890276552258068543805830547371331626149524924786633077e1
-0.14657204142572602645658399536433540778270087057452519258596e1 0.46320624159760898472350096515926717265011620570627237194722e1

0.12471800133425133350324410057044348580554268663783315723633e-1 0.62984313497417996075903022490469604121932513955842508454106e-2
0.17391947986578131088975682483075629861602524956518857436928e-1 0.96720710147069269796423539721640329135790953701147455275169e-2
-0.72278343701527178902651627193890809483362013461875470052885e0 0.86155361435200373624760236801261523439878032495364372330978e-1

-0.10708116530902257617716537609442262989539370049565984725228e-1 -0.73536723229101590979509610031966517014497869147093418243682e-2
-0.11618914224462198867527057386584348957186994638823967470372e-1 -0.73799624682939358925395109101115515236345680049803852690492e-2
-0.76718683175935456250204122791641781374502726118778666122361e0 0.88350098218035478661204813064646285561787982925310832918706e-1

0.60324935541580347382195680526956438364458325573279707627125e-1 0.22530434721497291394876586092069731255320082515394941857586e0
0.24374402954496989285498519042510933923361505177042019525612e0 -0.16863853657935580388628769275888730618200301911300290534282e0
-0.27892249331593699299079158441957270018165314757584717011283e0 -0.80920960669555566818654617994102611825068052686283764817769e-1

0.14945063499781854576055663613644984578285704286195282673157e-1 -0.70435606607963833057906196046098716776318695469135313194247e0
0.72795230205286606880947099021122701771783631574674715959009e0 0.35465958709163508957032904087906663164285950906285750904871e0
-0.73965536874386855354388869337367184678012261950861033486973e0 0.31562932172515277799424742250621241044684045740503204235682e0

