
----------DIMENSION 2----------

NONSINGULAR SOLUTIONS
---------------
0.10208648447817815811550711953857583453267828450996740962316e1 -0.29947844056447272229015078784268954655896083871011034329219e0
-0.12087300738026379036087670435014942821027546854900230012217e1 -0.30457053620544365022528886172357061996332927195566994452674e-1
-0.12294932343127164817561920335505128385327308570118133348128e0 -0.80918465637447475630441620286444804503832415656469171476428e0
Multiplicity: 1

-0.61117838296896191066555783434769262637912156173350686060646e-1 -0.20558708029824002766766088712944554338138957098602175279584e0
-0.15661901804204409898394865999582230776566996619977164556823e0 0.58919715840832416840302729553000008671269072130442335797183e-1
-0.33280438082305405917096984890311371962299297713528919223778e0 -0.95249232654200714973201237227091860767649728981421700928335e0
Multiplicity: 1

-0.60492639343725422735559936879663066665408174944230349236008e0 -0.74419859691308571797952161280570467158715396377783406121097e1
-0.83499112509903879950503870798665570578771675670302985985729e0 0.70815883459704675970091870219676072310038700775535677397030e1
0.64088886734169377836250806440333210584153437824294071861274e0 -0.23435547540341630227398764724896791043150153654486301030745e1
Multiplicity: 1

0.43926458750034835875469493151898587410479994431400409841868e0 0.70369402346422348043077393220110622932289246240233044798249e1
0.56437144643810313524857775921979051724372715844452220832834e0 -0.69624226473700942384437862888774420100784262967244757328937e1
-0.13152699801320147485136973763494685846266788002884461679979e1 0.43324574199345919616920553001705902326123718364731264671112e0
Multiplicity: 1

-0.12407529478773739686968595093684057068714242610216260430126e0 0.50809523026169648532895417114452793546206387242388840044750e-1
-0.53810530490367387846498429398555592388944046316657862471896e-1 -0.17627622784579366173383328188508955932834464788651520535764e0
-0.38219458070490005556378958934886859181554907857792689297894e0 -0.91538773598482272743787613868198253429681578187816036802851e0
Multiplicity: 1

-0.13107475922934860599580513804501315249854615431893189644999e1 0.11243379404172544989571687932720553688149482230207855669552e1
0.12609572024304105195189997958845429215185804239313031202895e1 -0.10080500292629418479607152484781935044650336828831459973186e1
-0.75615575037875407349913654980886437073148776997849129368442e0 -0.89679741763448596277600052865190809057387179364128169368303e0
Multiplicity: 1


