6 1 -1

-1.4076297293441705512270082996089459359392182499742518065670 -8.4296748016635947012729165162943842040602138443882365732367e-1
-1.2359136635727490120176011050947456204978402283920136645636 4.1618539977417595392893120858354872707564990784110395038283e-1
7.5672235715291338074152270264981961312723908397651546452698e-1 1.3251252891795368917215924727567441713819300318582463992694
-9.2893948464797734294404412737811150744817753177770951267242e-2 1.9953628455560244158831654937689612279833810406128785100753

1.3402809187879370120007112333679084704132002184816119800287e-2 -1.5936554576619201362641066354012592069011998436469386125033e-1
-1.2916275171698585933432026118552414094263870840323244883689 3.1612707319481481903553719582310292322994980603452141135415e-1
1.5528881277792402726467928991044635405968194303986685422442e-1 2.5797546577079781177108934899732436253250807726794775373890e-1
-4.7847350826629456231653859082522411088779878086193232949947e-1 5.2384840400880898261390297669560802396484155637880085627038e-1

-2.1373120198468111509931531173515043918274510679247043343383e-1 1.2741940320292181152733275355889007619599783642555603739680e-1
-1.2661422646490250844939944197141157326412022163879968925918 3.0861632785573949985543883759502884908913149904855383703282e-1
4.2746453248286093972556508596267181005165890599967844186253e-1 1.7623496106284670849182236736325341821219533267988797069960e-1
-1.2577813390462574371946407825097075773762868375859898333847e-1 5.1156812437503565947852411609511226583790300952984217903819e-1

7.6365312346764950667876172012092741038577478230994236081301e-3 2.7872119721998238714985357341397519212004281491819225099234e-1
-1.2729454042112223161698186783073665889951980656509219638075 2.9036998171118583112864351408195593749853149474766282404238e-1
3.5369183788102556867467802572023031376693506505925940126735e-1 -1.8552524387427703434216887404326631585262644311679582407389e-2
-1.5291126429022038799299328900372549725679821691754715447500e-1 2.5433514403891213852839749295679463030927985998544643423051e-1

1.8192741482701694673334389946065904154422623900025927857074 1.7555163468180240272091264724415821618972067493073554165066
-1.3186339590264460902502782844304892269320974813744651748400 1.2688703087406459048674848592880916543967211136239230073474e-1
-1.4400944722230112100249243724554275452867059595934154119153e-1 -1.7646443806314024724591176177604966165195934312335919589077
-1.9963744523930117050499854821929447929971807538075109242280e-1 -1.9998925006299987546169364172000987804015004567994481245184

4.4013064122346345200518702276120590505000069041274944987365e-1 4.0507288107569735094765034439213093736140396706532121834910e-1
-1.2933224526907181634758789911054222438378272242806181264858 2.6476579224158362374300139807591710845552860922833152806146e-1
1.3432693674393786323084097442499530199810028446912191318599e-1 -2.9129074317761528765024163391750053155110846177319669136137e-1
-3.3030909556174666729109133340478237950836190878208768829180e-1 -1.4246819400481195866225023853373222710873197092312945002192e-1


1 4
2.380243105144668135837213805494201883730362114112576244613197292116482816385641209519780069003806162379740806594012516986672439587666179243604907935946530631148235093205230864967733052019598770936378452359482739482163184100898659075854725978101657197321491375435283872879768682003832969199405000638762649397317e-1 -9.687680841772933459914113411494698642929103269537605474229581576056402084734600133755610206783994753889954502567996861972725243137934000251739612526904461106138126780537132465325939862441271423940060120361340144756960700753071022961824817594165133125692798463541234930027080738665430004352994295363067075684044e-1
5.317255973066339138101579532485252986120150299023491144801064042925323013142745482347060326031520596216829737999226949578490343934692806400594512838581032114606971766844505022413971535286071646480062100519561669771229836922356546949689927131159663540460591242277734604391139479520947483736425678609048074911621e-1 -5.625545032495539449935772495644564788249552634929729650259505773486170158023404677071775364664728395154792112787930179216609571042869444406721473317744492545028630978763625296844772403727045543395110022156184393603067542509679650896566146652657716513465363340867977037366487029172434423994084477617749492565128e-2
3.996432263214474253649090982931164789108630154546447928990425172489506678509308213535607252860707372236840475328270876485322801070345486163140872549099458802767934624902424074749446098181197923696825094767937591063694534578399073810754595391566166303506782774947828632574269055000286288057045557033348426019668e-1 -3.527279509713129093017106802357154024079636998481653771189803797598087725037634743105722518085433642008844196040832132142746046140153883392183478087602788115825097823110943207348314117328156898121870693313815005753550933681875917096076638408917151359732381911519811186984744194144389692080779978691220046656787e-1
-8.820305496646916199919110268897668524839879156938770228486701027085908153260757075540109211724481411301713711019431090959606282600181863080489408668071060509394334939113265390836452253643723840423940018494554850540547481517273994216405310801168528696672378696108627210184809956998495653760988513235496780713590e-1 -4.679255854897829539916259940088024253300564199083967822770283731219899205561341050137064218610053480448869462119982933827617852134071247552527030642844827209259993425829595619714272652075464455110069063564108114646100148651980011773683512548470357376617661076286872923931215036591373323339647215478387720141178e-1


1 4
6.372643394581858342593482552484379009110080927018458599559575078516870864561108948885708394363043633506092633114117241965870695506528069431991134249884720428541870102677814956555808026551836643614826031641476297135293692610832453430737500535182055257259327871697867614176704590801743290872301620790121428889703e-2 -2.986760489803941784153589347236330964856812180899222604226692305051271274396043912430449577056310645983447990222654157317196233169901712584018700811164629026644735963913411187666498353367815884264182536193201568378115261578308119917951909134365307123479191338807996306368295898177679811170376308230602011575961e-1
-4.188785566936262873934256486682820125781843526252875152266275740358938684848282536944566536868057051608545001050217179195302195107513039105423580622103285052475711725842108180155941109609959791693373850904528439921243585512187876480350770295473113684007109542596130876440479977268172335420302364095530389648292e-1 -1.378555474985123564212929869374615493967709257952336113164276839789581964033601456683419511198968633673768605124435933083587032017868316993341561986320177708362589345107703196708610463104047862888613322583774776712415954731877596801348747671041074727749757290352857985292112069153679975097974446943297030304969e-1
5.197453878816439535029155360018242672872721140208016214534211486131175127574103604830177035207613338801019955424840514410904661884672691621998513653298598120882642315815732906559107080446068039218653832847093281370274936188958343072480425827784754255722861094691291369313858168531063441604429707879024413738086e-1 1.477906464614808190716872550203957058154430164378687465093272098423327828021047311160896399823089285800572482002001231853286651689943686155286097419980071821166300961535395905595327542479161087782746132283141400029728598092254593324388674161996462996339997700492707526089380405893392999221723263596118095626837e-1
-5.949948590573403909277448749965209016210469187165492171146741844744811100699948767245615137883554324639382577943111334817475248733081127941541536453864607075136577016284461720484145718637261273559018437364574668472691738824453516499491230799829606215774402480636895758434739899162945644744827883306178357515349e-1 -2.574333631015083005680986190496150807788160735974041022840407025047859321381392215929837852711424117286700166716755276926340783606546360987520525786305218598895834729003433325468701617213368292958082424416590717506042575320399953325342992799214002044717586800911979365840673700783855754814243619274067122494098e-1


