3 2 0

-1.35418395975211550834325288782 -3.26128656441032758878885024541e-2
4.58344576733621254178807899075e-2 -1.01460191714439249301088805129
1.20961351258582214655665824373 -2.08300558171422189040101396050e-1
1.14041029923814980760016427600e-1 -1.16053277194911907610956443692

-9.03169767950333251577136024515e-1 9.99698864057292369109153506829e-1
9.38484507927499585310702016891e-2 1.62737403236547095585669345578
-6.32964370493017238216325294568e-1 -1.79018498043586617405224253553
9.19661309386666981916627678821e-1 1.45203784372063483157871194304e-1

-7.90904875477124946749077007620e-1 3.97940850681263972693499941465e-1
8.78530670318109543763564662299e-1 4.24910055871024444995272445649e-1
-2.87310029416146317559657316869e-1 -5.16670972304295997184857612089e-1
9.55940970603414784045807480056e-1 -6.87701280398071057657936105170e-1


2 4
8.013116250855746352927583471974375319388820045232864590711924941671383594553446914384290479131909123040694984434723913502058075203067286321929911890793054304176239225369289124111776094098736507375615508343651886241230184657636143753154990263476042517223264864172482067163571841077443009046907306398046651552359e-1 2.382898913645453915951282006765717947870946600578356551919649356617180321398914898080193360129797164659338554567313274813586587060084461183226752722322879722252953808839537808634262648023548553261579530188565801490528560403714064909874736545077724105363093579540936967084559650835524489549201187775109198306412e-2
-2.756804267901063590315667410555391568099873001920343986308813778174300337409004826990684910569236666492204944273536889024786520594659012239855857277066034000017455579093402047562664168699624377450561891543158212483178418864021644008421838086163574919678741581849530732918484806939158800622938843223723871916190e-1 -3.490538454214791359921292816943184542046434046263078986741180728109093356404446728991863736167805492244021039946465567206960074286017081008728500456494284168632821084759212216268070343688957592961185362908113562092079424437373325004670538003105155147787836924323325001310173171797395042690229454941801091272260e-1
4.842114981447609584887786752713561770405998782735802199346189581867972947160747285110205324877073326091632061923439269483658243559359048837977434978598660149528894635389123877261204774383181725606002157548682785007448258205039987163511675310800755234301025248939306610156621488894477439215827701382303464186958e-1 1.697195922015461415299661026953013234269003896199640177528235051665486404431391247190061865385161490148526011315165407316436320412385996357008309217587292378321653565342422671423915934054389974940724561834136922485687360343266454371954996291413319470944427487377348457497223237392043501298566733470875481318857e-1
3.339537946009892725579430813601392623348794472949617782833762181269423411120259604722641427335786556275503683821133545951672880870704947098304531319982804630619442000726754377801058400543917423295575880412484057438795090138694994068479631515495048472762332558450139770210288505645991545417211323318979307409963e-1 6.824337140691351701464144199022032373212296520083437104110636510600731162624087344826079264432570246721829851996668001757343369777528845814648361419366179266546902768946540338333313158000627637995060941270337920947202270866718192603706094482344975560680602141137232912714232081471413729258392740421448985140200e-1

3.052054794224066762097972596993173099853622063185720591368075532096205665889685814167330067186931805613274345024434616518243260690103380668437707835896470540384756627795909399162803427542520479691776586064506211252137929787585989363989340004653076182660900741154542188592540160115603177742207248974429396912611e-1 3.135848023871421551386844623390153198163536985592670511569693226463094705567921205382761001061387502031775716619446593061030551135680384978384555678886736682534102412621402882362788869702749639945321404913147968867476006710207064508516457353746020456160984630678675197925992948285530296790506506721430918330618e-1
-7.930557124765482707950852970718782522292639081042001726576358017928656549470058653058772297597622451557480358512190858881667607829740823186048669199983193516932893870782794833312132030130806628844355809294416740458233541737885666493682429117534122146961414846205682432847366339516932260846048443548000547885772e-2 7.846929775206630620670678967980025608452700846823688737691901177531073484080332394687891376133436437289847123711758382278075780261473034168542795956080285379795771822451333404938851723410110048504828369940094081068703093027437730204753852219457633767789584957685013308661819208743359178694500610903351321807422e-1
-3.122206663437986240074156783454129955484908662066823161759262899110564588068784603120874341060413289503153428695194548818264610961808040390770198517400283916176879879087367822762294636235966489701159828055696984224230832490306130016469252093836940839414328913429707142196327712654032783517260731214291101336992e-1 6.791349630664178576355647593026538447981675472256884264904913785455699332746844053540501993809916314233141512127342749846902227645140066592680872797636866176618960895496606597137481241378760824354087212320423428620224424664195344355031469741515946967639462364963961896683452102022386433841441179096343256921994e-1
4.721981422879797045142450487898607140899439873001676311906190851524616757491718748177574331461846863054765482975748782817377630265066944017463208502308361470456541853137274737954654254950622765098000395653514495773537498161413920086506772215933173267168807178306747044427540254919814378311353622050350290488913e-1 -1.784408233202124678379219905940719395896970084795489887432028285559250476234117206890126923991169256576542672537657220760656888617258239786569219936894329658482776865234730648888983536949515971149101670240653050739209555637810514983997413875362572133832932492251504202424299876592497549019821530682620262159422e-1


1 4
-2.361218503811459269335926379628325137703453285261074698050372325891560676176332298213152215158644671328100934835570279795454733100003459329365562302527836345552628513429131357191151607866755045670723836360312639690557646802666140758901463962885150929059735537328608836772986706076365279652247948498229466639898e-1 -3.804638995448219515277730615653943821304017166389147442724186304852157489049178941305732946721302219264745066779750830101401547095154973117144063536636182125768048704973801301817338267421948255082848575474012766238409681964178790809708771015802278372101473509810139206363987236710406894738168820165518748257687e-1
4.235698739535829051322835886363699274660892812234115171607600733699965449381027547346211367386992070959266492700496721541234434962460933345443577876696936079610922144066948636390131676364314126903302538688642196167202270667595376827475018325744808621539112875170313798984881173561648060982450791973215571197541e-1 -4.157881385488949176853911701136243103107631142197397850113866556673013732306391883346604954831157293957749002107113437785690340172546044893845393451985208254314631782455987645321883555807756373056929720995166539331690006818494953409566153006317756357439612096978046497263830115787322761870273791291289960486801e-1
5.802486248715650414030429274609945971425327171035104591387033121929877661372070266159998885881968636907813525801941746392878516599499647786272986712902046998733154808731793557120594129296061776293387335238289758798017675478759971008907180596086551238056439813957273237252681003996399398397685643476242461490867e-1 4.086243179942741231153745175470529390317590931993834429702745353027585265851869937270482780281644582709243346092060951307475622762927175681231606413290733333813699901684470091598826799671602109076570747621831458088946726635045852390147465660679356905822634797494626144954663247899486863721131613325514757611936e-2
3.454040469435639617527496942527542289145501765782437569139104450125615934658518084689586231292867111724539663653245626651257349960969346488134743623013614750668917406684810288152971322088066278115519852027979987980689503483064583499352934910161252730047375249516647336590208302015108830277950544800145611760550e-2 3.281024749714138309463721590589566809474813822899780227364386795130950108639981053959186994123447495835387643227381509495583384167284341343936300746223588620591489961155090476498282736329885243094709039545225693499264084154389809948798977959765652864258845343881734097839278374042007059096178003261890731060871e-1


