6 1 -1

-1.3196025530859353296380774779472623290971974680267931015919 -7.4586037143535178222203626188902678407508447204531548044791e-1
-1.1872532708076159851952073898289637762089017510308987411197 4.6912020684895439410929481064853756720964321131333794995497e-1
8.6941168998778408664006501888649629284017122067370640064652e-1 1.2287334497896095506941236295706872013641433369459530492483
-9.8235632713246407574763897033336327564214553978229505617715e-3 1.8208830970548420582912365590528443901381065802211893940230

1.5363789253218883894867750905727543419997379144335205855626e-2 -1.6013555750655027081631890133638548579214487687587869932386e-1
-1.2956744457946753215339531599178074237020095748526823868156 3.2361338230039857898961191792363612989697739500880544267931e-1
1.5867222202006710120195056866371371466409621172807872021859e-1 2.6997115892926966917517951816695598074178117400473737875949e-1
-4.7262437595110818125578795807912510099168827086756646471537e-1 5.2723708867839976565134245431595754206135310388732286706051e-1

-2.3569470278861797026180847626327733298004388765591478873667e-1 1.2394276607476749318468132819948267385711675975689082715599e-1
-1.2510314392566333483494751332388483512205110007139335346524 3.0831869079527476556058854998115876569437232077683905932907e-1
4.5253974564553141208168410591416663227340868081839241412240e-1 1.7009915619772545968297159313096203168527119940678342685879e-1
-1.1551514525248791765513280912422207822214249296785577699959e-1 5.1535768758830757392927004072611871190226937198506146202518e-1

-8.3599296302161147631369782057299007248478185130651840983944e-3 2.6579190121735271346352855012295192990256078499815808543831e-1
-1.2669045013075512415846587537090498079551493501741688017066 2.7898389538018605174280977395181585550388494243379846289173e-1
3.4861610808758328333899260900769323067371087598142267106221e-1 -2.3094578578496357787393950430333370226889609004324495165799e-2
-1.6548240285184792496967773932133671844864933556845331978465e-1 2.6780721103886360488322470156927469580615083711693320722552e-1

1.4990209223859502291792986485959298655366649632652544082745 1.9951070014153227497348256380996496576784771263737609181407
-1.3236293026898259412619354964021859614874825360316615174190 -8.7593378905029197402344553001199367394067819222913192130395e-4
-1.9939265752071797408683623430567626418328530940784351945651e-2 -1.8646693864263524427104592260244978057595036731850435646042
4.3551649309317696161572004544088919488774288392878482200117e-2 -1.8841437380299893777008740764915582986135752033328218666791

4.1851302466006434774834802538143001330626029156506080761469e-1 4.0927870141334855637495999226624504274595019999093976979893e-1
-1.3042685359671037608628519409263520739991797165762477004264 2.3719640492519844773153750604435757840591455298942943819741e-1
1.0354633878819934935233808156872478230208972573641599797829e-1 -2.9853821105735087420916405137252133313280728538861293748337e-1
-3.4347910403476389965012420699001193481219600781435328510761e-1 -1.1749929456143051802514175846433975660855550906625906403191e-1


1 4
2.380243105144668135837213805494201883730362114112576244613197292116482816385641209519780069003806162379740806594012516986672439587666179243604907935946530631148235093205230864967733052019598770936378452359482739482163184100898659075854725978101657197321491375435283872879768682003832969199405000638762649397317e-1 -9.687680841772933459914113411494698642929103269537605474229581576056402084734600133755610206783994753889954502567996861972725243137934000251739612526904461106138126780537132465325939862441271423940060120361340144756960700753071022961824817594165133125692798463541234930027080738665430004352994295363067075684044e-1
5.317255973066339138101579532485252986120150299023491144801064042925323013142745482347060326031520596216829737999226949578490343934692806400594512838581032114606971766844505022413971535286071646480062100519561669771229836922356546949689927131159663540460591242277734604391139479520947483736425678609048074911621e-1 -5.625545032495539449935772495644564788249552634929729650259505773486170158023404677071775364664728395154792112787930179216609571042869444406721473317744492545028630978763625296844772403727045543395110022156184393603067542509679650896566146652657716513465363340867977037366487029172434423994084477617749492565128e-2
3.996432263214474253649090982931164789108630154546447928990425172489506678509308213535607252860707372236840475328270876485322801070345486163140872549099458802767934624902424074749446098181197923696825094767937591063694534578399073810754595391566166303506782774947828632574269055000286288057045557033348426019668e-1 -3.527279509713129093017106802357154024079636998481653771189803797598087725037634743105722518085433642008844196040832132142746046140153883392183478087602788115825097823110943207348314117328156898121870693313815005753550933681875917096076638408917151359732381911519811186984744194144389692080779978691220046656787e-1
-8.820305496646916199919110268897668524839879156938770228486701027085908153260757075540109211724481411301713711019431090959606282600181863080489408668071060509394334939113265390836452253643723840423940018494554850540547481517273994216405310801168528696672378696108627210184809956998495653760988513235496780713590e-1 -4.679255854897829539916259940088024253300564199083967822770283731219899205561341050137064218610053480448869462119982933827617852134071247552527030642844827209259993425829595619714272652075464455110069063564108114646100148651980011773683512548470357376617661076286872923931215036591373323339647215478387720141178e-1


1 4
6.372643394581858342593482552484379009110080927018458599559575078516870864561108948885708394363043633506092633114117241965870695506528069431991134249884720428541870102677814956555808026551836643614826031641476297135293692610832453430737500535182055257259327871697867614176704590801743290872301620790121428889703e-2 -2.986760489803941784153589347236330964856812180899222604226692305051271274396043912430449577056310645983447990222654157317196233169901712584018700811164629026644735963913411187666498353367815884264182536193201568378115261578308119917951909134365307123479191338807996306368295898177679811170376308230602011575961e-1
-4.188785566936262873934256486682820125781843526252875152266275740358938684848282536944566536868057051608545001050217179195302195107513039105423580622103285052475711725842108180155941109609959791693373850904528439921243585512187876480350770295473113684007109542596130876440479977268172335420302364095530389648292e-1 -1.378555474985123564212929869374615493967709257952336113164276839789581964033601456683419511198968633673768605124435933083587032017868316993341561986320177708362589345107703196708610463104047862888613322583774776712415954731877596801348747671041074727749757290352857985292112069153679975097974446943297030304969e-1
5.197453878816439535029155360018242672872721140208016214534211486131175127574103604830177035207613338801019955424840514410904661884672691621998513653298598120882642315815732906559107080446068039218653832847093281370274936188958343072480425827784754255722861094691291369313858168531063441604429707879024413738086e-1 1.477906464614808190716872550203957058154430164378687465093272098423327828021047311160896399823089285800572482002001231853286651689943686155286097419980071821166300961535395905595327542479161087782746132283141400029728598092254593324388674161996462996339997700492707526089380405893392999221723263596118095626837e-1
-5.949948590573403909277448749965209016210469187165492171146741844744811100699948767245615137883554324639382577943111334817475248733081127941541536453864607075136577016284461720484145718637261273559018437364574668472691738824453516499491230799829606215774402480636895758434739899162945644744827883306178357515349e-1 -2.574333631015083005680986190496150807788160735974041022840407025047859321381392215929837852711424117286700166716755276926340783606546360987520525786305218598895834729003433325468701617213368292958082424416590717506042575320399953325342992799214002044717586800911979365840673700783855754814243619274067122494098e-1


