8 -1 -1

-1.1267897120084674152439277092174613178082303129546890080140 -5.9207121202927167439596618981170404705655097208786236852647e-2
-3.7436304653253207813208311719693223517874212168809950554831e-1 7.5199688422264058709391182385870313602883668728848863895374e-1
2.2645737780781056035033701039952080305698916827540939893731 9.6700178509993468401230330720374182920765622463355685890168e-2
7.5069134369647228106417208867061492732409128719703202772222e-1 4.3878360784845587549715504252429154915211292923484974403792e-1

4.9038336748384714348125306578674001453291788360989840877251e-1 3.4554280839614549557120030223592797924811826773521826855495e-2
-9.5037777170162759375989401656560030407276862516881185430906e-1 1.2110502200161592550759670225189814898720752663024484466912e-1
1.1356756492340239940254725108088195490094685628396764763551e-1 -6.7686444008528842403390926681265284580034022594325901788225e-1
-7.8882748527139748015068180292860614114374479685565141872820e-1 -3.2927953252362414522398034241666495844395957060716215934382e-1

6.7053990643150792824001477000715667332300896086157336202672e-1 -3.7036940842623824805664341496638630087966074459573701189613e-1
-1.3273703999539071725817296429263840191935001692916285854883 7.4694806044754439991297138846350938763587794814122072548162e-1
1.8731054407722360357891334034968068345535129800901948289865e-1 5.4363880090535973437392284341994599161853728105459751313514e-1
-5.8147189258654217976570480873403987242215800157927155054251e-1 1.7841345221595693391931540138117125730174896792732618605531e-1

-3.9893970830148221438823657930630286099141740957164763022358e-1 -3.9006711954065795011207707396856204104598819725693307909886e-2
-8.9939553101275136664093179796633394950701421663584878923506e-1 -3.9045004020540496020313428614749032064787841084355098449637e-1
-1.1398098405538795227782277970009590152097373206623462634882e-2 -8.0421410842232245004492873426613361744566833840894316104763e-1
-8.6061899953671966442482510486330885614052500795973410255672e-1 3.4636724008749043783093740010558209283910130625042704162040e-1

-4.5220443475605091174910946931718238674187349846724095020868 6.6514599601084286141375833715924207084150631067521557980634
-1.8338039802987064253917917116695021309582711110311594653162e1 -9.3145361425980157186391469961595739718849163804353173823432e-1
-1.3233708960073255795560296346135349947530910914261739594117e1 1.7879228605469664392819052167245870085259052478803347513699e1
5.5716140404018699942874990307835810643383225743611440203163 1.7807171487560526543426978456379158233223148781636669066502e1

4.8932386771070291263046874010645701262978993332237957476703e-1 -2.8426143417874314807419528514928391163700497828539545672707e-1
-5.4286840286944723816133006709973468848389014148676649291702e-1 6.5866724077236743425363797554289332889814110566309128312291e-1
1.0235154127785716491900531620414137000981733820680103629384 -4.4296859084505231557286729596512524710961205439351107294388e-1
-4.6762326874239847584637850532171023139904456470249360797673e-1 -5.4439377270196831553401265593933449577408670188491938764819e-1

-5.6301208454775556597160461687397265345339821269821918666943e-1 9.6128553581164420295593751053059069687308264646053260171628e-2
-1.0843355410397159943101519291824620726608853833862226964313 2.4536504020488635418710080961440790185563421813291329091634e-1
7.0766191742918011790516868105120790278998761113618859371070e-1 7.5757227834429568130215104747878128519767182787318886636255e-2
-6.5540861250957792397742789322327417446718420179924113764231e-3 6.1619892594004113776187465765765525546483784570076147932367e-1

-6.2106472286017782722755942453905553271206286442742374563325e-1 7.1910878348582995618804738595277347495047122027251284381147e-1
-4.1072852447899482143942952482301635797891027836178473310979e-1 -1.5477427541176664803821919804164897532392310065592767110472e-1
1.2465976562446291599698109363666973719944221569502998442226 -1.4393870370879653052385693991066334177461452333152262534146
1.3479433986294473461965199289617556068264604844248787440730e-1 -4.1311892063738258309835384122404668599055260755730207100223e-1


1 4
2.380243105144668135837213805494201883730362114112576244613197292116482816385641209519780069003806162379740806594012516986672439587666179243604907935946530631148235093205230864967733052019598770936378452359482739482163184100898659075854725978101657197321491375435283872879768682003832969199405000638762649397317e-1 -9.687680841772933459914113411494698642929103269537605474229581576056402084734600133755610206783994753889954502567996861972725243137934000251739612526904461106138126780537132465325939862441271423940060120361340144756960700753071022961824817594165133125692798463541234930027080738665430004352994295363067075684044e-1
5.317255973066339138101579532485252986120150299023491144801064042925323013142745482347060326031520596216829737999226949578490343934692806400594512838581032114606971766844505022413971535286071646480062100519561669771229836922356546949689927131159663540460591242277734604391139479520947483736425678609048074911621e-1 -5.625545032495539449935772495644564788249552634929729650259505773486170158023404677071775364664728395154792112787930179216609571042869444406721473317744492545028630978763625296844772403727045543395110022156184393603067542509679650896566146652657716513465363340867977037366487029172434423994084477617749492565128e-2
3.996432263214474253649090982931164789108630154546447928990425172489506678509308213535607252860707372236840475328270876485322801070345486163140872549099458802767934624902424074749446098181197923696825094767937591063694534578399073810754595391566166303506782774947828632574269055000286288057045557033348426019668e-1 -3.527279509713129093017106802357154024079636998481653771189803797598087725037634743105722518085433642008844196040832132142746046140153883392183478087602788115825097823110943207348314117328156898121870693313815005753550933681875917096076638408917151359732381911519811186984744194144389692080779978691220046656787e-1
-8.820305496646916199919110268897668524839879156938770228486701027085908153260757075540109211724481411301713711019431090959606282600181863080489408668071060509394334939113265390836452253643723840423940018494554850540547481517273994216405310801168528696672378696108627210184809956998495653760988513235496780713590e-1 -4.679255854897829539916259940088024253300564199083967822770283731219899205561341050137064218610053480448869462119982933827617852134071247552527030642844827209259993425829595619714272652075464455110069063564108114646100148651980011773683512548470357376617661076286872923931215036591373323339647215478387720141178e-1


1 4
6.372643394581858342593482552484379009110080927018458599559575078516870864561108948885708394363043633506092633114117241965870695506528069431991134249884720428541870102677814956555808026551836643614826031641476297135293692610832453430737500535182055257259327871697867614176704590801743290872301620790121428889703e-2 -2.986760489803941784153589347236330964856812180899222604226692305051271274396043912430449577056310645983447990222654157317196233169901712584018700811164629026644735963913411187666498353367815884264182536193201568378115261578308119917951909134365307123479191338807996306368295898177679811170376308230602011575961e-1
-4.188785566936262873934256486682820125781843526252875152266275740358938684848282536944566536868057051608545001050217179195302195107513039105423580622103285052475711725842108180155941109609959791693373850904528439921243585512187876480350770295473113684007109542596130876440479977268172335420302364095530389648292e-1 -1.378555474985123564212929869374615493967709257952336113164276839789581964033601456683419511198968633673768605124435933083587032017868316993341561986320177708362589345107703196708610463104047862888613322583774776712415954731877596801348747671041074727749757290352857985292112069153679975097974446943297030304969e-1
5.197453878816439535029155360018242672872721140208016214534211486131175127574103604830177035207613338801019955424840514410904661884672691621998513653298598120882642315815732906559107080446068039218653832847093281370274936188958343072480425827784754255722861094691291369313858168531063441604429707879024413738086e-1 1.477906464614808190716872550203957058154430164378687465093272098423327828021047311160896399823089285800572482002001231853286651689943686155286097419980071821166300961535395905595327542479161087782746132283141400029728598092254593324388674161996462996339997700492707526089380405893392999221723263596118095626837e-1
-5.949948590573403909277448749965209016210469187165492171146741844744811100699948767245615137883554324639382577943111334817475248733081127941541536453864607075136577016284461720484145718637261273559018437364574668472691738824453516499491230799829606215774402480636895758434739899162945644744827883306178357515349e-1 -2.574333631015083005680986190496150807788160735974041022840407025047859321381392215929837852711424117286700166716755276926340783606546360987520525786305218598895834729003433325468701617213368292958082424416590717506042575320399953325342992799214002044717586800911979365840673700783855754814243619274067122494098e-1


