6 1 -1

-1.4207437145349679959765596503144476814080518198510003205904 -8.5606842201361781750805938266209101463203024771645901224882e-1
-1.2427095454444143937501160751276350469759953836917048547982 4.0819382179455421348033709305966468322757806517852159133381e-1
7.4091896771740164427500479003386317240440681541488296751936e-1 1.3381173671776581340502739837816923971803557234878137853034
-1.0427499404308884044821678898541058467584378074675020757495e-1 2.0200910389787141665895718278972642567908235633569237115222

1.3154768568481087406053294466836955523686025770447555951788e-2 -1.5925487598292662013912315864086934080684285027797980296937e-1
-1.2911041541736508957347644995682642373422848109731541149853 3.1512594762952573144525850109903330131058808190162820992951e-1
1.5481422352868045682421661846743217420062012785565233210008e-1 2.5638182565423477788184865937997753385577131102178788111203e-1
-4.7925852798380106758594627651526127516060675974973683728039e-1 5.2339798202596062872401048996419968124438439335566560949134e-1

-2.1109040951305275049905530377089063772844626136189684957207e-1 1.2748536772296969185262404330762962905868129649169393278026e-1
-1.2680087736135184577982660741773641156460821979035095251542 3.0877972855088832001629538547808928463732062058010579974660e-1
4.2438463029911982403461843836190180875873245990313923332396e-1 1.7734823267547634663154808874849700073633082371166760244612e-1
-1.2716161554440180422651905980910407330069938515882575223376e-1 5.1137302550035685807374446174544032586676944529586710755397e-1

1.0167753920925011205867943340406596496967006412274703715712e-2 2.8015091586111064415396473967117586358173485105662044804311e-1
-1.2737049777989880848854032083276889055238667330911135213505 2.9203445374476785015786354671115371834127963107994622638973e-1
3.5424178164097011606634975651776315994956158890868531960491e-1 -1.7884789378213879873960804420686810768617353523176537331161e-2
-1.5154600522080078406801068084837325606850567710522419154876e-1 2.5235102701443838008620498683105903285928604386941308844273e-1

1.8582240310318819030889607607745053200497545895419543258054 1.7157595014772233154058790903511492139949648945157152214322
-1.3149858825370846322358633370477005335164200893612526271158 1.4369390263197053947299529357287586295387753347353555755187e-1
-1.5947867974212372507930307945764213208399655235342219531552e-1 -1.7492191993122153988399133354150588979461014086575913130565
-2.3621386347791971532443421694955456208573858367049641080642e-1 -2.0109227732541542456521526073175769286694313037957414691948

4.4304315006960294488130385283185155630724446131356689168269e-1 4.0445166688018270920940619918624905316141001428826963875541e-1
-1.2916914376939650187133957933024328432803366505819378334066 2.6848392307179113632228076469926892557570243532291500975772e-1
1.3861311474623399004969492766385679342985191871475983093441e-1 -2.9046823203087298924866726136343234121279029033307640826877e-1
-3.2856782661592181905620563802361008964273151426781540522772e-1 -1.4596247876647544733283877734661933640886395841784050778707e-1


1 4
2.380243105144668135837213805494201883730362114112576244613197292116482816385641209519780069003806162379740806594012516986672439587666179243604907935946530631148235093205230864967733052019598770936378452359482739482163184100898659075854725978101657197321491375435283872879768682003832969199405000638762649397317e-1 -9.687680841772933459914113411494698642929103269537605474229581576056402084734600133755610206783994753889954502567996861972725243137934000251739612526904461106138126780537132465325939862441271423940060120361340144756960700753071022961824817594165133125692798463541234930027080738665430004352994295363067075684044e-1
5.317255973066339138101579532485252986120150299023491144801064042925323013142745482347060326031520596216829737999226949578490343934692806400594512838581032114606971766844505022413971535286071646480062100519561669771229836922356546949689927131159663540460591242277734604391139479520947483736425678609048074911621e-1 -5.625545032495539449935772495644564788249552634929729650259505773486170158023404677071775364664728395154792112787930179216609571042869444406721473317744492545028630978763625296844772403727045543395110022156184393603067542509679650896566146652657716513465363340867977037366487029172434423994084477617749492565128e-2
3.996432263214474253649090982931164789108630154546447928990425172489506678509308213535607252860707372236840475328270876485322801070345486163140872549099458802767934624902424074749446098181197923696825094767937591063694534578399073810754595391566166303506782774947828632574269055000286288057045557033348426019668e-1 -3.527279509713129093017106802357154024079636998481653771189803797598087725037634743105722518085433642008844196040832132142746046140153883392183478087602788115825097823110943207348314117328156898121870693313815005753550933681875917096076638408917151359732381911519811186984744194144389692080779978691220046656787e-1
-8.820305496646916199919110268897668524839879156938770228486701027085908153260757075540109211724481411301713711019431090959606282600181863080489408668071060509394334939113265390836452253643723840423940018494554850540547481517273994216405310801168528696672378696108627210184809956998495653760988513235496780713590e-1 -4.679255854897829539916259940088024253300564199083967822770283731219899205561341050137064218610053480448869462119982933827617852134071247552527030642844827209259993425829595619714272652075464455110069063564108114646100148651980011773683512548470357376617661076286872923931215036591373323339647215478387720141178e-1


1 4
6.372643394581858342593482552484379009110080927018458599559575078516870864561108948885708394363043633506092633114117241965870695506528069431991134249884720428541870102677814956555808026551836643614826031641476297135293692610832453430737500535182055257259327871697867614176704590801743290872301620790121428889703e-2 -2.986760489803941784153589347236330964856812180899222604226692305051271274396043912430449577056310645983447990222654157317196233169901712584018700811164629026644735963913411187666498353367815884264182536193201568378115261578308119917951909134365307123479191338807996306368295898177679811170376308230602011575961e-1
-4.188785566936262873934256486682820125781843526252875152266275740358938684848282536944566536868057051608545001050217179195302195107513039105423580622103285052475711725842108180155941109609959791693373850904528439921243585512187876480350770295473113684007109542596130876440479977268172335420302364095530389648292e-1 -1.378555474985123564212929869374615493967709257952336113164276839789581964033601456683419511198968633673768605124435933083587032017868316993341561986320177708362589345107703196708610463104047862888613322583774776712415954731877596801348747671041074727749757290352857985292112069153679975097974446943297030304969e-1
5.197453878816439535029155360018242672872721140208016214534211486131175127574103604830177035207613338801019955424840514410904661884672691621998513653298598120882642315815732906559107080446068039218653832847093281370274936188958343072480425827784754255722861094691291369313858168531063441604429707879024413738086e-1 1.477906464614808190716872550203957058154430164378687465093272098423327828021047311160896399823089285800572482002001231853286651689943686155286097419980071821166300961535395905595327542479161087782746132283141400029728598092254593324388674161996462996339997700492707526089380405893392999221723263596118095626837e-1
-5.949948590573403909277448749965209016210469187165492171146741844744811100699948767245615137883554324639382577943111334817475248733081127941541536453864607075136577016284461720484145718637261273559018437364574668472691738824453516499491230799829606215774402480636895758434739899162945644744827883306178357515349e-1 -2.574333631015083005680986190496150807788160735974041022840407025047859321381392215929837852711424117286700166716755276926340783606546360987520525786305218598895834729003433325468701617213368292958082424416590717506042575320399953325342992799214002044717586800911979365840673700783855754814243619274067122494098e-1


