2 1 -1

3.23801251825984903743e-1 1.03723349420312715985
-4.16960267285933938730e-1 -8.62533413261961090512e-1
2.50502941250833922882e-2 7.01869347213933236773e-1
-3.27224985169218607339e-1 1.26416667852060349286e-1

1.00955442534662331866 1.01245675036957027970
-1.19518203493304864260 -9.37029447808902737904e-1
4.65468277718914746899e-1 3.90160249170375339478e-1
3.27465197294674714712e-1 -8.53213687868853432050e-1


1 4
1.151671277759718690061825630652317764044845674936907933664755127973316572769384628740797320673750776134121594915447894721187759106516841950179679936405874104427971929577055420820134693089863417670554762236326252055332050970935636507905925759998094093399387822565976871736807284029885056939900576929584789526440e-1 -4.169199830416059094594922967896543104931030245894118777022557125425411290782975836180236627026138095516831961586901321956681844094371863596394257069248184113222084300503634378280869005934010725829385944051857874046127070741029972767651515777637574522123674350268447231613331209790471162679918582918970701197441e-1
-1.243382070310438177272593686384588275777940278800697237402337664345083796019212996754318812405567877392792784302937060651204408050527168740605313178207308568595558854132994982733402791067151433544724165667592727754460942381049688014168646338866605033027358603454983180661041485957791471005851802724900982925627e-1 -8.848470158942673494934335239680238381502118763718002550359111352983154071258460795866549230672089440693253294099980650177749414302008253623552460365917775464386701292937780986506897063357681782620044395843063054304122986820784169048582073232946353329581892184693312319429594008505715584814162733180400445316651e-1
-6.677765648548135935906636113097247561712634320519856520121115474298062704301760018789517397918736819246271752564006902615730216690083065575654961794161889109960801966598312354694308082875012941482048100570584566098990292884346650438923567059277295047233032367746962753051732596973034072460277037818042659279626e-1 -5.866531083642671787395738594532119179495421833752634959573100990761553336836060489938100921946411849534106382129910789078272466994392771745533436851802263558019056166976682157858522629903523714264064921273631851841773788253739165478674927802928904942470973548930468304874752142276871611331622924309483994367035e-1
4.312556858272018362923064109161449577205310158960757498763328243460210971514402790348278341531520760923753844834800765806821324819733046841815336209492758872739749952522818064483231098945403000486806526256318242901495830574709607991002264712701571770465851044168530527636736088970711507615352643330105233323314e-1 9.711382066020588032951637565256107392675657306071975269281451203993197398122015152976105654817945918431517835926173509264344484913485999634303650060858570920731004043604485862068166440189986460031039885306254847850613364194554348550685334608095648457091217232645823300389213215800618017622852973849328736201930e-2


1 4
6.313236394917641381455204737810626701025654554848108817369531300614284694808342599020143415843571032693789103577991351031860288477951105274622554070508915608454425723102859480506515018198839746671737005699464579030559873279029023707148954116328701008339920696294477356380573035368635323505561498073371365593329e-1 -3.970589770230307034912698297650991991511884476772453186110717521512561955432856048077406469474570597389420662572464104752112245942086037672852719323330395288935584991259261908167678737947170041740964359041227071769723073347365714589201505536438693226908924720488445367529685167395393374101875574802090613939574e-1
4.841244379839883180731681442787383996788785862546074911043392879305398166521472356770463867777094082748306232189759493681461667391112284409436951997372172245495032140660423250155190626742314595659632926442019565649409604677493291382362350332472659191600577370133743962767288753715001615981150609809253746982577e-2 3.325487744215701412614078634939116844590472029435773618160800471455960242602831193136348593015101563778429044689703071871542850041955916464530467729383158742309389574874908152094432923818362362851849734675740977836986750627893515235748831984089551076310692572478097276939041467012166570712086240469539662434111e-1
-4.030236030409795086474373018872296168684207772049298900333095474808202616745166223464555774840661340962319264674174119948909424536889736606388334933682361008348987839312519374847583012450304735188311028203791844263378749458777844782754476301495893037078775556502334853505830651013038575215269680697536783879197e-1 3.178396146383080194856349667191644567852134863955742950420389088814345200942201504434284644121681338371595626551312527230340994671313882216754007962113612036911407297534636174326309765877953633213761524568537878172130270359850290078158664422887140385962508197840672171150982230862771867384175356554723070524747e-3
-4.088987839187975156676118562371766306954227971376255728886105315722286709825333094180502733431074476585438881745813439932402142524428709178067968950552154982783134623499157377711530274532562844076274079398562912488506936453204367937669749927561554261821895891315632055143806054414149755486017542361507956512647e-1 3.472515802711491124977332929289303098509234860862655898125491227787256357669194929060237295990736273681432488596780061811717262790195871851230860570503775043287957042458438092134441128964179275407498421066626301950961640602268756743928049289263793931356308797054050733281342869418011701731507790337393528906792e-2


