6 1 -1

-1.4104880779512658006315466314300338799898652311167177496074 -8.4584929563882841264907509438920966877817311611603714846636e-1
-1.2374024211961442647436098136590191261688643156739471176393 4.1444549716243242013038635913216656741321653945910915149492e-1
7.5326001283198252779704832525902071677482695733778668036461e-1 1.3279818872618360809874006831598653112968276359393652571027
-9.5393769873640001636663612359862812155317199972831634350648e-2 2.0007757542451242203927706116529839019162530113287074418734

1.3347927706948885089373545840775744151947286966915780462945e-2 -1.5934132396368105599205793232391549719518302664969282768817e-1
-1.2915119703068301186666524672057079692252958094364891764899 3.1590670152457404774160180208493069757608086018811410585765e-1
1.5518477817089370210320711201018594783802753815977368517702e-1 2.5762446553017323543708929563516817950565508637537369888933e-1
-4.7864624340634543802162206423890953782437083486025932660261e-1 5.2374920522578859314537440827417194617290120082983421504515e-1

-2.1314340739052128918369035289613189299679934557536975737614e-1 1.2744030829902534158049244484410136711818003075133102821251e-1
-1.2665561824787749833695205536945215855704258538045172887392 3.0865039625178843296743974863495501341585635310030316300071e-1
4.2678076767743614911858997794745513416694605152555797952482e-1 1.7647528687153590423126468928515407312099305553245293437912e-1
-1.2608345143601414044462466293427648193495089510039054075886e-1 5.1151941050145874815175981387270866631902598599983194645633e-1

8.1867521119800538653086790995445377176642635005422263998950e-3 2.7904348407628698996533507070417643890248941277029468640623e-1
-1.2731140856692364094264024240325277558353090749107939901925 2.9073349155092126014222719104773636086245909956154568607800e-1
3.5381517483116165934372637260603912542835674287315899253117e-1 -1.8407425431881291159151203511609640147002693865334667943373e-2
-1.5260373608649953206470499871188595057732458096461047393149e-1 2.5390095899818522730997685676767970876831284831423507234488e-1

1.8279507786901801997342938366804450958325131469394248920519 1.7469174893414629518377351152723129049110915925147913570799
-1.3178920949675823048985459199066055417282985735183696359036 1.3060065683176369273320245250843662281408246532496354778623e-1
-1.4744269352915567297792152654362293375916005535139638926893e-1 -1.7612903764489215642195537889113465998314939381199670069503
-2.0761502380637902247622441150527768870659111662483382995176e-1 -2.0024266119018127228755033973502180390712313185777350623382

4.4077114979979112861387598745420092549063462063804761189019e-1 4.0493737504621635637433652410536709058796855216226702998715e-1
-1.2929668711774570423395990357736418446517476468326026470829 2.6558360660461828831108567938651148710117971500379273061286e-1
1.3526703551215563274297411054595995679449672968981987647816e-1 -2.9110659696178290133160930060448521930087969135240251176883e-1
-3.2992526581139155315878597968635054467461477993979658337729e-1 -1.4323406163654548786259750427705798223622313974619710658396e-1


1 4
2.380243105144668135837213805494201883730362114112576244613197292116482816385641209519780069003806162379740806594012516986672439587666179243604907935946530631148235093205230864967733052019598770936378452359482739482163184100898659075854725978101657197321491375435283872879768682003832969199405000638762649397317e-1 -9.687680841772933459914113411494698642929103269537605474229581576056402084734600133755610206783994753889954502567996861972725243137934000251739612526904461106138126780537132465325939862441271423940060120361340144756960700753071022961824817594165133125692798463541234930027080738665430004352994295363067075684044e-1
5.317255973066339138101579532485252986120150299023491144801064042925323013142745482347060326031520596216829737999226949578490343934692806400594512838581032114606971766844505022413971535286071646480062100519561669771229836922356546949689927131159663540460591242277734604391139479520947483736425678609048074911621e-1 -5.625545032495539449935772495644564788249552634929729650259505773486170158023404677071775364664728395154792112787930179216609571042869444406721473317744492545028630978763625296844772403727045543395110022156184393603067542509679650896566146652657716513465363340867977037366487029172434423994084477617749492565128e-2
3.996432263214474253649090982931164789108630154546447928990425172489506678509308213535607252860707372236840475328270876485322801070345486163140872549099458802767934624902424074749446098181197923696825094767937591063694534578399073810754595391566166303506782774947828632574269055000286288057045557033348426019668e-1 -3.527279509713129093017106802357154024079636998481653771189803797598087725037634743105722518085433642008844196040832132142746046140153883392183478087602788115825097823110943207348314117328156898121870693313815005753550933681875917096076638408917151359732381911519811186984744194144389692080779978691220046656787e-1
-8.820305496646916199919110268897668524839879156938770228486701027085908153260757075540109211724481411301713711019431090959606282600181863080489408668071060509394334939113265390836452253643723840423940018494554850540547481517273994216405310801168528696672378696108627210184809956998495653760988513235496780713590e-1 -4.679255854897829539916259940088024253300564199083967822770283731219899205561341050137064218610053480448869462119982933827617852134071247552527030642844827209259993425829595619714272652075464455110069063564108114646100148651980011773683512548470357376617661076286872923931215036591373323339647215478387720141178e-1


1 4
6.372643394581858342593482552484379009110080927018458599559575078516870864561108948885708394363043633506092633114117241965870695506528069431991134249884720428541870102677814956555808026551836643614826031641476297135293692610832453430737500535182055257259327871697867614176704590801743290872301620790121428889703e-2 -2.986760489803941784153589347236330964856812180899222604226692305051271274396043912430449577056310645983447990222654157317196233169901712584018700811164629026644735963913411187666498353367815884264182536193201568378115261578308119917951909134365307123479191338807996306368295898177679811170376308230602011575961e-1
-4.188785566936262873934256486682820125781843526252875152266275740358938684848282536944566536868057051608545001050217179195302195107513039105423580622103285052475711725842108180155941109609959791693373850904528439921243585512187876480350770295473113684007109542596130876440479977268172335420302364095530389648292e-1 -1.378555474985123564212929869374615493967709257952336113164276839789581964033601456683419511198968633673768605124435933083587032017868316993341561986320177708362589345107703196708610463104047862888613322583774776712415954731877596801348747671041074727749757290352857985292112069153679975097974446943297030304969e-1
5.197453878816439535029155360018242672872721140208016214534211486131175127574103604830177035207613338801019955424840514410904661884672691621998513653298598120882642315815732906559107080446068039218653832847093281370274936188958343072480425827784754255722861094691291369313858168531063441604429707879024413738086e-1 1.477906464614808190716872550203957058154430164378687465093272098423327828021047311160896399823089285800572482002001231853286651689943686155286097419980071821166300961535395905595327542479161087782746132283141400029728598092254593324388674161996462996339997700492707526089380405893392999221723263596118095626837e-1
-5.949948590573403909277448749965209016210469187165492171146741844744811100699948767245615137883554324639382577943111334817475248733081127941541536453864607075136577016284461720484145718637261273559018437364574668472691738824453516499491230799829606215774402480636895758434739899162945644744827883306178357515349e-1 -2.574333631015083005680986190496150807788160735974041022840407025047859321381392215929837852711424117286700166716755276926340783606546360987520525786305218598895834729003433325468701617213368292958082424416590717506042575320399953325342992799214002044717586800911979365840673700783855754814243619274067122494098e-1


