2 2 0

1.0175804377056328 7.1146644629626610e-1
-1.7905394149886611e-1 -1.1024979840468432
-9.2211739919057800e-1 -7.2391784537087012e-1
-1.1834995792726510 1.1911243144740821e-1

-4.3776336007051531e-1 4.1134294029756824e-1
-6.5027065883478641e-1 -3.0987770809124612e-2
-4.3874836591036881e-1 4.4222103502503463e-1
9.8423966048696680e-3 -6.2967888677917649e-1


2 4
-4.529703014459511769373241864018823573910527930064277760380905751649763029367705127470981368700593671916732264662759605898227495564778391672473216681789040945311343900903715591864770512947541830330782295063133309744378377008167784508478755570548077798447010671995466441739107588336981440063971218714810832174402e-1 -5.886320583654739990041654264298743511939927891208699543747779833649206354133080833578147763025066390661445030364659776716845949816291780044338245711806022614836284039616714536422384174345892546343922266782398436799201624805959434382933525813445450153399087260549179464159641348740893131884665599335649309359549e-1
1.645973697457801040090595611120678781185329412270723990721264253432776693795937543479207644822929082986259296480510003413262543349785403760519294795512779658619737697778102121961390116641801867593038324352238326024037495657210698420381556892563581142753871891297299069998940241907401350905562798412345045333642e-1 -4.569264742847136342330681987731304914708231473821592016939194895836638273305651036787082557080437372871253028704810396520060823232004402009891830000193152642726157357904285344832735320899378893119776199169944827530849479970008451847100754365348883394026818306653857028973931552958098331051731068725805949558761e-1
-4.876715897208551595275365072541808680086715521553414758759888587579921960226558476692035969446540742235625397466242785512096382212393566012988899723167755891684440562886880261261996058614439647871872166259837639809547403813117793686076848293629333118317252640110630166950043185247315536370183889221704437281443e-1 1.974088903372466162112132938691809942743027411054925250432766466216718020792018136735096610880036311917335459276215168688108927335428144012455110498444571251341986412246215938567229312275168515852135530514501428106788500977058783469113549622951303132051213836308145175246393952867671753712500654662472858715338e-1
8.595864545029400491723912191264021800682322342856356222033131738437215866059197351195835727622086395576303528026304556691777642849842000218277267089245323128295363060956115632004768029183832506502082503380148302521395461385391072030120182819819651193724158342751262606905006201014154060311873940786168228169212e-2 -7.094794944354630821785224612697365289662530812247190419066124240824581100428707523749650381713442197424695375466820115983486260506111291359981028485685531001329598316446427530292597025906567988561856491537062812512857216984744078149294982594789137734191893762138049674987992178309937498317939890376974915557936e-1

-1.277124017562016072757728794592787373090057212921162620037257870813496085292436946797294239129905403221656144916763532859996739191310349865680200826640008950609541451299564661713718739276652580822571215608232060164148064526128321785658595873094869603087082554974784204357624812785490649372492780044121021268989 8.842656017435409768795625047502494724822242296354901909128681783955944494019335107885486445277128799640283573130331585611667007350865422799869601206795239467045554962289454475156534345405952692635652028525959851033135195719200298971846119514155689670246126311989683282092741254742389830677277098133974634735549e-1
2.191728669411971477277145463483250474199815936823497498888450502833066527146716362274873589638753586205993447718994583860383152394814603872879887885115215611456007685671816520397522438359797603054572472362155343935814821597350338878171941513793076682082519826216757494249735984688433079127948950101119217741025 9.164383498679747990411240757748278358758483923905914887023546329943429386673582588546399028996119680147660670357552992808962937070519075571698205910750582741658008551604791254560890315465003709809910535657392346064583854811400667465685148781237510462903411190799411934674681050887861449305702880187890631403052e-1
-9.002995013857707152941425317664674220655795499838217150396898752518030938012155097614886502507651676587736356367459752442306278987556576645205695324475216489582295909210402266736625625425694866806597251155308710581173027994214986907754083815770063274608983727294746230880708524473939433962011693014884231974922e-1 -2.101044769748504690373466722842036998297271656837590519275091546377815101449052491243885586255441776311845952279930490591341492294074456486319974013959823877417422870248028172016418697222134044873828816618421879569209793492399247441895917581750641252540178979942529794547638658247093015742284749701724858393283
-1.674259430926412007685526993033174365624528288690417211380890180143592971963327664369959090960657235692469942335483731670523555156146654702287194660588754516252191958843681073964726215995882217189301792047389148652893397754424198512376721847486630301582596944003021634617400271725374544085209630756070214104157 -1.686186862796394285296600941431657306810825374428560375304915444032941738274158046236651520659291301507724193767848600975531179946735585734054931299717664800271955888268367515575614526908139436901952766796020074773950391089870746845367146186210963857205432135605010123146863960243173484669218818439617747176160e-1


1 4
-2.553514451327739202450397710310591702893134680228012141095126835790866668444258968866502195777069718814281467249177061622879832469289137635074002262430097366826049782024204115619138457127894967374227071704212671801119894029656218605991972154386176493958474669728399730140158119458310310585275505831358955816983e-1 -4.875682284612165128024193404611307014835243632192205512606498451827915916840949365747237912377106330831408096105580402092967625890795352759039922531506150185048777735624400863946408530986624996357145548075258666113260118063801423447956595332498238568300253281762413600470801390649330215792374783078498941568849e-1
-3.638098446242379185514725626156308026124106934530887120210537867436260204190435722860279667981756678415542707124470718949583691341790647500848203829277507481358923008080721124259616876125658164471088368196075550587328476418513927823690465155568174294988354127288903351614355715420583856643633266292556881505508e-1 4.369440684180557219652618122484763612239789435888653330497722502968513663925320026023573851177683846049919638095829683812421648530360870299390512210993911696166932795600626247962283309735269984036993669212471199505303176880307119876069190394508035199798735363541946770082295460396829794035795113834265314821212e-1
-3.698285067984344383958876698250275362281990006246362390693997882592140646148224817259273453266258238988365157884690673756711207735432517710589027132827326472264693977950910788589315783246449860884571293123518370867673975458019089779863541195743744133124208755000202835518485560981008600884520004074956572843928e-1 -3.655216667288978918394217272651162721091219687060833082641130366484178630896797478386600908972149045150324808186598566983221479549972922742514468734307588825906504142967963763304028314331571799630308096062019822101499893371140263005402668214438390591209579963533304864379305065524663699386166168622517628124086e-1
-2.633292323808595042956744461015956711364730748621857362473527713756379222231955987480212807942368950010148709178436002392365823536698309589454109626262169471861613672264219242843705687838052362812552088050161772180772363428457496846931769005878812261097071791092787488460270568232439115504530419385332070746552e-1 1.845904715234141254513154337288286179850478041584655919204136494371674616226372945523310030740693596481366215789409203045245314408876180329300792287386762251705593932898827341319513578835985159565964466361501226523559832194595553768143243094085283221087052823298197567446396378973017696715296972219511896355984e-1


