8 -1 -1

-1.1267897120084674152439277141290907285350631716049130502940 -5.9207121202927167439596594860688684304970897562450089609036e-2
-3.7436304653253207813208295051863314969289439681527587075832e-1 7.5199688422264058709391199750384269729105509827180549561103e-1
2.2645737780781056035033704963535973187924611694453506546553 9.6700178509993468401230299731819134442075908250753612469675e-2
7.5069134369647228106417229751877933123721788387771542348042e-1 4.3878360784845587549715486673554720076644311030267282084957e-1

4.9038336748384714348125300516680056907768076651588245864095e-1 3.4554280839614549557120015739234511785071167293753719751215e-2
-9.5037777170162759375989402853202739178299733625322542123533e-1 1.2110502200161592550759667555999916927651759212306050914158e-1
1.1356756492340239940254723199356028362812186460204391447343e-1 -6.7686444008528842403390924368489442942119149026989786119143e-1
-7.8882748527139748015068180749991228347039197584574514186641e-1 -3.2927953252362414522398027453470894095117413449174726357216e-1

6.7053990643150792824001464849121086688875972056060170439443e-1 -3.7036940842623824805664331897988834934537797027600314383893e-1
-1.3273703999539071725817296443973852137415210887525847249264 7.4694806044754439991297132055013010016398559798431589985514e-1
1.8731054407722360357891336706559942212921163981373268911963e-1 5.4363880090535973437392278233236228466626746296338373110442e-1
-5.8147189258654217976570473255732812817361604349843516449744e-1 1.7841345221595693391931544112768222709208649028808929050259e-1

-3.9893970830148221438823653645946260941812716342120369195187e-1 -3.9006711954065795011207702938209795032006783645479748926800e-2
-8.9939553101275136664093181397562486366615116183967613230795e-1 -3.9045004020540496020313426212308844619800478941361634788318e-1
-1.1398098405538795227782286175927319498622543011735960514403e-2 -8.0421410842232245004492871307575709556693827069968064290113e-1
-8.6061899953671966442482510187540579417212686198069988851048e-1 3.4636724008749043783093738105017056633306948180136828838082e-1

-4.5220443475605091174910949046664988610394566890221862541484 6.6514599601084286141375846196425631314275725629052348713932
-1.8338039802987064253917921247491579699030432659680684958955e1 -9.3145361425980157186391364594634257402396265380340949150723e-1
-1.3233708960073255795560298629439938090053325533703454937671e1 1.7879228605469664392819057622191828349199850483718446661246e1
5.5716140404018699942875010690129531301408537701983056053569 1.7807171487560526543426982227536939117852595440354485020695e1

4.8932386771070291263046866715241077332707286501753166125022e-1 -2.8426143417874314807419524561819602595907943438956864890502e-1
-5.4286840286944723816133006115514540659244235517634428932018e-1 6.5866724077236743425363792145157934035523258905606814938981e-1
1.0235154127785716491900531606495648999829387958637483011973 -4.4296859084505231557286734494247455109914312710013774821582e-1
-4.6762326874239847584637848749921946819287866155995142811915e-1 -5.4439377270196831553401262922071525304489204080963047694632e-1

-5.6301208454775556597160452259280943289474479663149217891381e-1 9.6128553581164420295593749598429150578115620832087196148091e-2
-1.0843355410397159943101519747284731017028849043408608102096 2.4536504020488635418710083264348282105008805042527142883710e-1
7.0766191742918011790516861147240186883274733340309726160476e-1 7.5757227834429568130215138983190472453906676309565414585370e-2
-6.5540861250957792397743126641987706389864094402234671574323e-3 6.1619892594004113776187463173212595806615334839324592052039e-1

-6.2106472286017782722755929692839836247462891728738316329708e-1 7.1910878348582995618804718188834703399005339065608127365793e-1
-4.1072852447899482143942951758763212772755912752133132804227e-1 -1.5477427541176664803821909238314742872731063318739417069896e-1
1.2465976562446291599698109063596491780310844561517325649658 -1.4393870370879653052385692521525449496699824649484585962516
1.3479433986294473461965186666526874447004086693363615030638e-1 -4.1311892063738258309835382766774138593418414386761917495224e-1


1 4
2.380243105144668135837213805494201883730362114112576244613197292116482816385641209519780069003806162379740806594012516986672439587666179243604907935946530631148235093205230864967733052019598770936378452359482739482163184100898659075854725978101657197321491375435283872879768682003832969199405000638762649397317e-1 -9.687680841772933459914113411494698642929103269537605474229581576056402084734600133755610206783994753889954502567996861972725243137934000251739612526904461106138126780537132465325939862441271423940060120361340144756960700753071022961824817594165133125692798463541234930027080738665430004352994295363067075684044e-1
5.317255973066339138101579532485252986120150299023491144801064042925323013142745482347060326031520596216829737999226949578490343934692806400594512838581032114606971766844505022413971535286071646480062100519561669771229836922356546949689927131159663540460591242277734604391139479520947483736425678609048074911621e-1 -5.625545032495539449935772495644564788249552634929729650259505773486170158023404677071775364664728395154792112787930179216609571042869444406721473317744492545028630978763625296844772403727045543395110022156184393603067542509679650896566146652657716513465363340867977037366487029172434423994084477617749492565128e-2
3.996432263214474253649090982931164789108630154546447928990425172489506678509308213535607252860707372236840475328270876485322801070345486163140872549099458802767934624902424074749446098181197923696825094767937591063694534578399073810754595391566166303506782774947828632574269055000286288057045557033348426019668e-1 -3.527279509713129093017106802357154024079636998481653771189803797598087725037634743105722518085433642008844196040832132142746046140153883392183478087602788115825097823110943207348314117328156898121870693313815005753550933681875917096076638408917151359732381911519811186984744194144389692080779978691220046656787e-1
-8.820305496646916199919110268897668524839879156938770228486701027085908153260757075540109211724481411301713711019431090959606282600181863080489408668071060509394334939113265390836452253643723840423940018494554850540547481517273994216405310801168528696672378696108627210184809956998495653760988513235496780713590e-1 -4.679255854897829539916259940088024253300564199083967822770283731219899205561341050137064218610053480448869462119982933827617852134071247552527030642844827209259993425829595619714272652075464455110069063564108114646100148651980011773683512548470357376617661076286872923931215036591373323339647215478387720141178e-1


1 4
6.372643394581858342593482552484379009110080927018458599559575078516870864561108948885708394363043633506092633114117241965870695506528069431991134249884720428541870102677814956555808026551836643614826031641476297135293692610832453430737500535182055257259327871697867614176704590801743290872301620790121428889703e-2 -2.986760489803941784153589347236330964856812180899222604226692305051271274396043912430449577056310645983447990222654157317196233169901712584018700811164629026644735963913411187666498353367815884264182536193201568378115261578308119917951909134365307123479191338807996306368295898177679811170376308230602011575961e-1
-4.188785566936262873934256486682820125781843526252875152266275740358938684848282536944566536868057051608545001050217179195302195107513039105423580622103285052475711725842108180155941109609959791693373850904528439921243585512187876480350770295473113684007109542596130876440479977268172335420302364095530389648292e-1 -1.378555474985123564212929869374615493967709257952336113164276839789581964033601456683419511198968633673768605124435933083587032017868316993341561986320177708362589345107703196708610463104047862888613322583774776712415954731877596801348747671041074727749757290352857985292112069153679975097974446943297030304969e-1
5.197453878816439535029155360018242672872721140208016214534211486131175127574103604830177035207613338801019955424840514410904661884672691621998513653298598120882642315815732906559107080446068039218653832847093281370274936188958343072480425827784754255722861094691291369313858168531063441604429707879024413738086e-1 1.477906464614808190716872550203957058154430164378687465093272098423327828021047311160896399823089285800572482002001231853286651689943686155286097419980071821166300961535395905595327542479161087782746132283141400029728598092254593324388674161996462996339997700492707526089380405893392999221723263596118095626837e-1
-5.949948590573403909277448749965209016210469187165492171146741844744811100699948767245615137883554324639382577943111334817475248733081127941541536453864607075136577016284461720484145718637261273559018437364574668472691738824453516499491230799829606215774402480636895758434739899162945644744827883306178357515349e-1 -2.574333631015083005680986190496150807788160735974041022840407025047859321381392215929837852711424117286700166716755276926340783606546360987520525786305218598895834729003433325468701617213368292958082424416590717506042575320399953325342992799214002044717586800911979365840673700783855754814243619274067122494098e-1


