6 1 -1

-2.9651862864586491471374701439712212418076561876951022970592 -1.3855299614779983139690352660463098698884778522015325628235
-2.0864357769564972386991277888540439776229570822454296246892 -4.7180970782976306224677988985713598978788089839237673769329e-1
-6.1309969896041565072836206519138779472313638831834022733659e-1 2.4495287210085461794446695631295601204015776033932713014385
-5.7755091119514018669147765174255066075086960038281271393869e-1 4.3929701992859686218316316480175258131959228776181364037078

3.5689473765050998343527915538774879201041733200780138777023e-3 -1.5192074167603850068896384342649491216565760713450650915826e-1
-1.2660119429866630745725537024317789784495317362716952222785 2.5858358191814367808707441550772849612633012341640735703687e-1
1.2160799691811590073366701614545064797241779719838048881713e-1 1.6904620837198077813699590579432124538713989596399960284464e-1
-5.2547781473048943532472818344831068417945715033971172521880e-1 4.9844692594737351808737112490451507676623306629729995777894e-1

-1.3846195662410797930767674598365758403429734133233500835916e-1 1.0630847816693999543158121361218896110286150088052523561182e-1
-1.3407550950943912800148596787359803144286346258729634310024 3.2606062638506242982342236098714545631922114135054920287066e-1
3.2209349825474004670523139080559304477969829383147037678699e-1 2.5874751551450677229027577408584178790507262436960652713680e-1
-1.7109911064356910756550995973215485897137007823232365205231e-1 5.4204251042009246733503052111077161425227090764854968666945e-1

1.3055653689043847506782294504212466296632870198605961959349e-1 2.3192994153819077123937650370728852098631391812859910130985e-1
-1.2679590018973469232861719625884614368110089028054043339842 3.9671320527236192869341667283862069058208297859375348784593e-1
3.9894688468344616147165150176679483854079352159641972625689e-1 5.1251810519975408101430771594157234678831424476903121223374e-2
-1.5081638530704341662180150795482383346931257981733573382818e-1 1.8290941982466286518801920228919933714014703647710310067877e-1

1.3711845027958204148057226620505269920383716793014611223072 -5.0348444059096527793749029284523846327527683464381192592130e-1
-7.8515799731543478386258333380369012773490867285989336884892e-1 2.9808839686209537725343448295226861704974845830752090219589e-1
-2.2315245692573826580554058412825665382865485353367533406597e-1 -8.2524938231895278536147036841680234188735858445189788961917e-1
-1.5362238599464349567691577019792040240987023630418738667371 -8.8181236017006530481059060608587350097923865969132091904590e-1

6.0950132439302886208359754207930363977481153927618086285513e-1 3.1090112255093491559850377932355180385987320040214099933504e-1
-1.1221710453753782942896080956274395085167508832073721866019 4.7579097095477127224056492252811243390948596563505481152186e-1
4.2831272839063526053380863861082249889215059336938179193307e-1 -3.0931360131326669729741743766410260335075645937038036138931e-1
-2.7745364712836587672629915601759338393666413253388715808488e-1 -3.9138125744699981279191813456718967001467286667873677092919e-1


1 4
2.380243105144668135837213805494201883730362114112576244613197292116482816385641209519780069003806162379740806594012516986672439587666179243604907935946530631148235093205230864967733052019598770936378452359482739482163184100898659075854725978101657197321491375435283872879768682003832969199405000638762649397317e-1 -9.687680841772933459914113411494698642929103269537605474229581576056402084734600133755610206783994753889954502567996861972725243137934000251739612526904461106138126780537132465325939862441271423940060120361340144756960700753071022961824817594165133125692798463541234930027080738665430004352994295363067075684044e-1
5.317255973066339138101579532485252986120150299023491144801064042925323013142745482347060326031520596216829737999226949578490343934692806400594512838581032114606971766844505022413971535286071646480062100519561669771229836922356546949689927131159663540460591242277734604391139479520947483736425678609048074911621e-1 -5.625545032495539449935772495644564788249552634929729650259505773486170158023404677071775364664728395154792112787930179216609571042869444406721473317744492545028630978763625296844772403727045543395110022156184393603067542509679650896566146652657716513465363340867977037366487029172434423994084477617749492565128e-2
3.996432263214474253649090982931164789108630154546447928990425172489506678509308213535607252860707372236840475328270876485322801070345486163140872549099458802767934624902424074749446098181197923696825094767937591063694534578399073810754595391566166303506782774947828632574269055000286288057045557033348426019668e-1 -3.527279509713129093017106802357154024079636998481653771189803797598087725037634743105722518085433642008844196040832132142746046140153883392183478087602788115825097823110943207348314117328156898121870693313815005753550933681875917096076638408917151359732381911519811186984744194144389692080779978691220046656787e-1
-8.820305496646916199919110268897668524839879156938770228486701027085908153260757075540109211724481411301713711019431090959606282600181863080489408668071060509394334939113265390836452253643723840423940018494554850540547481517273994216405310801168528696672378696108627210184809956998495653760988513235496780713590e-1 -4.679255854897829539916259940088024253300564199083967822770283731219899205561341050137064218610053480448869462119982933827617852134071247552527030642844827209259993425829595619714272652075464455110069063564108114646100148651980011773683512548470357376617661076286872923931215036591373323339647215478387720141178e-1


1 4
6.372643394581858342593482552484379009110080927018458599559575078516870864561108948885708394363043633506092633114117241965870695506528069431991134249884720428541870102677814956555808026551836643614826031641476297135293692610832453430737500535182055257259327871697867614176704590801743290872301620790121428889703e-2 -2.986760489803941784153589347236330964856812180899222604226692305051271274396043912430449577056310645983447990222654157317196233169901712584018700811164629026644735963913411187666498353367815884264182536193201568378115261578308119917951909134365307123479191338807996306368295898177679811170376308230602011575961e-1
-4.188785566936262873934256486682820125781843526252875152266275740358938684848282536944566536868057051608545001050217179195302195107513039105423580622103285052475711725842108180155941109609959791693373850904528439921243585512187876480350770295473113684007109542596130876440479977268172335420302364095530389648292e-1 -1.378555474985123564212929869374615493967709257952336113164276839789581964033601456683419511198968633673768605124435933083587032017868316993341561986320177708362589345107703196708610463104047862888613322583774776712415954731877596801348747671041074727749757290352857985292112069153679975097974446943297030304969e-1
5.197453878816439535029155360018242672872721140208016214534211486131175127574103604830177035207613338801019955424840514410904661884672691621998513653298598120882642315815732906559107080446068039218653832847093281370274936188958343072480425827784754255722861094691291369313858168531063441604429707879024413738086e-1 1.477906464614808190716872550203957058154430164378687465093272098423327828021047311160896399823089285800572482002001231853286651689943686155286097419980071821166300961535395905595327542479161087782746132283141400029728598092254593324388674161996462996339997700492707526089380405893392999221723263596118095626837e-1
-5.949948590573403909277448749965209016210469187165492171146741844744811100699948767245615137883554324639382577943111334817475248733081127941541536453864607075136577016284461720484145718637261273559018437364574668472691738824453516499491230799829606215774402480636895758434739899162945644744827883306178357515349e-1 -2.574333631015083005680986190496150807788160735974041022840407025047859321381392215929837852711424117286700166716755276926340783606546360987520525786305218598895834729003433325468701617213368292958082424416590717506042575320399953325342992799214002044717586800911979365840673700783855754814243619274067122494098e-1


