6 1 -1

-1.1981607367491288455085432879490635452027277688340403025674 -5.6959000783387097320591171400057828318270687387963519896966e-1
-1.1001892833680238034565222496365654891354172612609655344529 5.3954707238951376563799504649276393829982479969495399109414e-1
1.0622200275571999394016644476961887789343124039247814868541 1.0470344529480837897103719132052983281745675230780522126794
1.3651485379564378742659670908949440114502454724881192464974e-1 1.5349048694237041713248042490853899926524781030440168691685

1.9556562918671398932732441015635162880299077135451162511597e-2 -1.6120561056480601823079152238788527921238049976859213010527e-1
-1.3039773953826510403022550962390073950495089653184882666649 3.3761158535189637508829454874554909316059873158822339608233e-1
1.6414093736298377877039699650786792097252819039889822740728e-1 2.9283633704397286717164522239299801802152215583845752440716e-1
-4.6172821739072893332966830881950393639555334805837603502608e-1 5.3370411923333367576673778618499693063662004381295245829812e-1

-2.8000293621018413991065655055127613440653268032917216901418e-1 9.6193013342268962061742548856032833481100676327295321451474e-2
-1.2185548643216277458649487246433502763341335505089034665205 3.1556351630029131077958335701283705322786838814938959424983e-1
5.0473978270515718035229621056387649998887549687733229156716e-1 1.7430934696464599538722927959090093158008643651436118247566e-1
-1.0307569185059125706943208997799245175450886772717915321199e-1 5.3326407990504617827122710212257241381190935358144596568319e-1

-2.3922336512091574107423418362932848544530531083783171425898e-2 2.3904980409023490869787367509100203558201236136173680316808e-1
-1.2557919909737862330481447746843406000221340871285774577847 2.6167809084896262043703551638284022080000487720923332338018e-1
3.3493052433695593547432810059292083346840546300913216408156e-1 -3.2704835156491886503139299077190676109370931904645784325156e-2
-1.9521305541125101658589083002879126330641722646272628188542e-1 2.8343293094860490324606490009397308336737682061327121524054e-1

8.6308891896427607133423229820095306262033520467575375254713e-1 2.1867956019651296398816669933910042827697437103091821785668
-1.2414943920837998426669479587370886250349111816402580037769 -2.1617124674330176816752420488422465573864838483604985900865e-1
2.3260875209375837411442526648517590915921904376009112694700e-1 -1.9842459499245667749075911063559902435103318085381164358865
3.4426832929295302751906074495147376581583029027807717103994e-1 -1.5836814996107971283036972296498479480214589026600873838782

3.7816656743365363266765527293709495778915557621384088565839e-1 4.1493555251075248342823477160573089214728442937315749929948e-1
-1.3190356737627444690765443694415267384962823088595961690828 1.8677424411898581071780316178976164663030692976924485073809e-1
5.2108998438477869070626390179721740772689053193566721230527e-2 -3.1660825708127091410477462710118631397079519330577474464404e-1
-3.6850036090464209778617519960085293542913242263870544408626e-1 -7.5456863010659960298622818772751890022945609961457294107981e-2


1 4
2.380243105144668135837213805494201883730362114112576244613197292116482816385641209519780069003806162379740806594012516986672439587666179243604907935946530631148235093205230864967733052019598770936378452359482739482163184100898659075854725978101657197321491375435283872879768682003832969199405000638762649397317e-1 -9.687680841772933459914113411494698642929103269537605474229581576056402084734600133755610206783994753889954502567996861972725243137934000251739612526904461106138126780537132465325939862441271423940060120361340144756960700753071022961824817594165133125692798463541234930027080738665430004352994295363067075684044e-1
5.317255973066339138101579532485252986120150299023491144801064042925323013142745482347060326031520596216829737999226949578490343934692806400594512838581032114606971766844505022413971535286071646480062100519561669771229836922356546949689927131159663540460591242277734604391139479520947483736425678609048074911621e-1 -5.625545032495539449935772495644564788249552634929729650259505773486170158023404677071775364664728395154792112787930179216609571042869444406721473317744492545028630978763625296844772403727045543395110022156184393603067542509679650896566146652657716513465363340867977037366487029172434423994084477617749492565128e-2
3.996432263214474253649090982931164789108630154546447928990425172489506678509308213535607252860707372236840475328270876485322801070345486163140872549099458802767934624902424074749446098181197923696825094767937591063694534578399073810754595391566166303506782774947828632574269055000286288057045557033348426019668e-1 -3.527279509713129093017106802357154024079636998481653771189803797598087725037634743105722518085433642008844196040832132142746046140153883392183478087602788115825097823110943207348314117328156898121870693313815005753550933681875917096076638408917151359732381911519811186984744194144389692080779978691220046656787e-1
-8.820305496646916199919110268897668524839879156938770228486701027085908153260757075540109211724481411301713711019431090959606282600181863080489408668071060509394334939113265390836452253643723840423940018494554850540547481517273994216405310801168528696672378696108627210184809956998495653760988513235496780713590e-1 -4.679255854897829539916259940088024253300564199083967822770283731219899205561341050137064218610053480448869462119982933827617852134071247552527030642844827209259993425829595619714272652075464455110069063564108114646100148651980011773683512548470357376617661076286872923931215036591373323339647215478387720141178e-1


1 4
6.372643394581858342593482552484379009110080927018458599559575078516870864561108948885708394363043633506092633114117241965870695506528069431991134249884720428541870102677814956555808026551836643614826031641476297135293692610832453430737500535182055257259327871697867614176704590801743290872301620790121428889703e-2 -2.986760489803941784153589347236330964856812180899222604226692305051271274396043912430449577056310645983447990222654157317196233169901712584018700811164629026644735963913411187666498353367815884264182536193201568378115261578308119917951909134365307123479191338807996306368295898177679811170376308230602011575961e-1
-4.188785566936262873934256486682820125781843526252875152266275740358938684848282536944566536868057051608545001050217179195302195107513039105423580622103285052475711725842108180155941109609959791693373850904528439921243585512187876480350770295473113684007109542596130876440479977268172335420302364095530389648292e-1 -1.378555474985123564212929869374615493967709257952336113164276839789581964033601456683419511198968633673768605124435933083587032017868316993341561986320177708362589345107703196708610463104047862888613322583774776712415954731877596801348747671041074727749757290352857985292112069153679975097974446943297030304969e-1
5.197453878816439535029155360018242672872721140208016214534211486131175127574103604830177035207613338801019955424840514410904661884672691621998513653298598120882642315815732906559107080446068039218653832847093281370274936188958343072480425827784754255722861094691291369313858168531063441604429707879024413738086e-1 1.477906464614808190716872550203957058154430164378687465093272098423327828021047311160896399823089285800572482002001231853286651689943686155286097419980071821166300961535395905595327542479161087782746132283141400029728598092254593324388674161996462996339997700492707526089380405893392999221723263596118095626837e-1
-5.949948590573403909277448749965209016210469187165492171146741844744811100699948767245615137883554324639382577943111334817475248733081127941541536453864607075136577016284461720484145718637261273559018437364574668472691738824453516499491230799829606215774402480636895758434739899162945644744827883306178357515349e-1 -2.574333631015083005680986190496150807788160735974041022840407025047859321381392215929837852711424117286700166716755276926340783606546360987520525786305218598895834729003433325468701617213368292958082424416590717506042575320399953325342992799214002044717586800911979365840673700783855754814243619274067122494098e-1


