6 1 -1

-1.4076297293441705511987599779278838731063211545521495151775 -8.4296748016635947009873769291123242989852932754295657204213e-1
-1.2359136635727490120028666090318312917025460442073076874547 4.1618539977417595394612068238238888113163242490522966948038e-1
7.5672235715291338077579043850147522357139204278659899662486e-1 1.3251252891795368916932913334690623363425319091109027547923
-9.2893948464797734269645596003024933324354684516498071039495e-2 1.9953628455560244158296059211129087268285456062956389031159

1.3402809187879370120551796102148393251773544866528633457424e-2 -1.5936554576619201362665031418458684581330094164896050241164e-1
-1.2916275171698585933443486825381971688371924803841431414987 3.1612707319481481903772115077002736326208561104413646031511e-1
1.5528881277792402726570908800176342529503349788451776430226e-1 2.5797546577079781177456844430855191766293351718104198828488e-1
-4.7847350826629456231482691225652802464420661260721502055463e-1 5.2384840400880898261488621094848062480776660652921050178770e-1

-2.1373120198468111510515864359276808632418078241946086532237e-1 1.2741940320292181152710712910543139253322689615844564018503e-1
-1.2661422646490250844898837628406539097679116093488125356040 3.0861632785573949985510671868040353796065647717813275499284e-1
4.2746453248286093973235762834828078779796643912407329267654e-1 1.7623496106284670848945431320033879215521141401176803584548e-1
-1.2577813390462574371643640157993451633125156159805275566263e-1 5.1156812437503565947902326272898899199053726496754955130681e-1

7.6365312346764950613546772959047386194862495385874655848165e-3 2.7872119721998238714663890441706724812610559382525456072336e-1
-1.2729454042112223161681430330226151342172343834758919556899 2.9036998171118583112504910086627425164637074892192070634697e-1
3.5369183788102556867344916803993449543852840463343392114067e-1 -1.8552524387427703435649803711353076521467900973570333487976e-2
-1.5291126429022038799606043861838086358019375549562994601138e-1 2.5433514403891213853269278483088819129693380620851705148242e-1

1.8192741482701694672471722883049550880885795096989166785349 1.7555163468180240272939145382144966755369384435937491903069
-1.3186339590264460902574592317717804651536857013768303026920 1.2688703087406459044990922279939162292212261844772614726281e-1
-1.4400944722230112096839138264526419154684084260829080076560e-1 -1.7646443806314024724922406762899468662089353083996713502539
-1.9963744523930117042614852899836504870992266606312374443776e-1 -1.9998925006299987545915315166222041238731540128124716838790

4.4013064122346345199884100300991150333167352740462290624805e-1 4.0507288107569735094898981969900162075444089921246010219436e-1
-1.2933224526907181634793933101087851553615761589341080280481 2.6476579224158362373489836825595244175970415872702823799383e-1
1.3432693674393786322153379845311105079644184389967515440055e-1 -2.9129074317761528765207518946597521085004286305187685437401e-1
-3.3030909556174666729489664889354828319643294496049008075535e-1 -1.4246819400481195865466943779441143071923080652762323342539e-1


1 4
2.380243105144668135837213805494201883730362114112576244613197292116482816385641209519780069003806162379740806594012516986672439587666179243604907935946530631148235093205230864967733052019598770936378452359482739482163184100898659075854725978101657197321491375435283872879768682003832969199405000638762649397317e-1 -9.687680841772933459914113411494698642929103269537605474229581576056402084734600133755610206783994753889954502567996861972725243137934000251739612526904461106138126780537132465325939862441271423940060120361340144756960700753071022961824817594165133125692798463541234930027080738665430004352994295363067075684044e-1
5.317255973066339138101579532485252986120150299023491144801064042925323013142745482347060326031520596216829737999226949578490343934692806400594512838581032114606971766844505022413971535286071646480062100519561669771229836922356546949689927131159663540460591242277734604391139479520947483736425678609048074911621e-1 -5.625545032495539449935772495644564788249552634929729650259505773486170158023404677071775364664728395154792112787930179216609571042869444406721473317744492545028630978763625296844772403727045543395110022156184393603067542509679650896566146652657716513465363340867977037366487029172434423994084477617749492565128e-2
3.996432263214474253649090982931164789108630154546447928990425172489506678509308213535607252860707372236840475328270876485322801070345486163140872549099458802767934624902424074749446098181197923696825094767937591063694534578399073810754595391566166303506782774947828632574269055000286288057045557033348426019668e-1 -3.527279509713129093017106802357154024079636998481653771189803797598087725037634743105722518085433642008844196040832132142746046140153883392183478087602788115825097823110943207348314117328156898121870693313815005753550933681875917096076638408917151359732381911519811186984744194144389692080779978691220046656787e-1
-8.820305496646916199919110268897668524839879156938770228486701027085908153260757075540109211724481411301713711019431090959606282600181863080489408668071060509394334939113265390836452253643723840423940018494554850540547481517273994216405310801168528696672378696108627210184809956998495653760988513235496780713590e-1 -4.679255854897829539916259940088024253300564199083967822770283731219899205561341050137064218610053480448869462119982933827617852134071247552527030642844827209259993425829595619714272652075464455110069063564108114646100148651980011773683512548470357376617661076286872923931215036591373323339647215478387720141178e-1


1 4
6.372643394581858342593482552484379009110080927018458599559575078516870864561108948885708394363043633506092633114117241965870695506528069431991134249884720428541870102677814956555808026551836643614826031641476297135293692610832453430737500535182055257259327871697867614176704590801743290872301620790121428889703e-2 -2.986760489803941784153589347236330964856812180899222604226692305051271274396043912430449577056310645983447990222654157317196233169901712584018700811164629026644735963913411187666498353367815884264182536193201568378115261578308119917951909134365307123479191338807996306368295898177679811170376308230602011575961e-1
-4.188785566936262873934256486682820125781843526252875152266275740358938684848282536944566536868057051608545001050217179195302195107513039105423580622103285052475711725842108180155941109609959791693373850904528439921243585512187876480350770295473113684007109542596130876440479977268172335420302364095530389648292e-1 -1.378555474985123564212929869374615493967709257952336113164276839789581964033601456683419511198968633673768605124435933083587032017868316993341561986320177708362589345107703196708610463104047862888613322583774776712415954731877596801348747671041074727749757290352857985292112069153679975097974446943297030304969e-1
5.197453878816439535029155360018242672872721140208016214534211486131175127574103604830177035207613338801019955424840514410904661884672691621998513653298598120882642315815732906559107080446068039218653832847093281370274936188958343072480425827784754255722861094691291369313858168531063441604429707879024413738086e-1 1.477906464614808190716872550203957058154430164378687465093272098423327828021047311160896399823089285800572482002001231853286651689943686155286097419980071821166300961535395905595327542479161087782746132283141400029728598092254593324388674161996462996339997700492707526089380405893392999221723263596118095626837e-1
-5.949948590573403909277448749965209016210469187165492171146741844744811100699948767245615137883554324639382577943111334817475248733081127941541536453864607075136577016284461720484145718637261273559018437364574668472691738824453516499491230799829606215774402480636895758434739899162945644744827883306178357515349e-1 -2.574333631015083005680986190496150807788160735974041022840407025047859321381392215929837852711424117286700166716755276926340783606546360987520525786305218598895834729003433325468701617213368292958082424416590717506042575320399953325342992799214002044717586800911979365840673700783855754814243619274067122494098e-1


