6 1 -1

-1.3671912276898869260438767624302036021650507876688917329289 -8.0050446886659712966236548525558270986094446823682019608173e-1
-1.2143254034851214987889522179666323219934984772886894351446 4.4067072152750538978181533920232649387563943954813319743800e-1
8.0689039283159066351578211727927491419020345687278924226437e-1 1.2830597519746317292895682170131250281527019718874784556134
-5.6295878880098191969721633531875144135914038814679708895494e-2 1.9172529270898553632012583783666629805390949746023888327212

1.4233018186419167931772219959060543237738113302294294457550e-2 -1.5971390764322905705752601293252340074177160434189613659602e-1
-1.2933591093531640499788562249646158306071107335749241417435 3.1938531186917599469047053922516642537218383168115889606837e-1
1.5679788563564792777204786127672662843102610588837357685432e-1 2.6317876695617442814347519417651436554022870002627897260264e-1
-4.7592364561810731269946007687563046811054994412001700319428e-1 5.2531856595610891853557344161036410999453338963217923823646e-1

-2.2283832630552268967421767115738028921492825274933683592474e-1 1.2662910239491520999756515135750445785379152798879540312922e-1
-1.2598170101505227236351154658310935308937797217648239792049 3.0825845151738852755472265329824296102068649905781734990949e-1
4.3795091062753333159083521040883285720666628280059259619594e-1 1.7303622456229604367718569111930736553379368791609356605469e-1
-1.2124566212965426611019386667205217054563677158901806250237e-1 5.1269099587396584476917189220003096839561461578293503067332e-1

1.5769559924287508133483270940493657879642170822873526884874e-6 2.7350881764109056323161060809785042697684392605954553701139e-1
-1.2703725125174279826531125970342289327151478581106259081214 2.8518674781919425105847866246563227891334356708579774195148e-1
3.5170318173926049875630465470860760756346677514074634130243e-1 -2.0596435773808974852470773755327447734214406530824858947756e-2
-1.5790165680767480038470710594609151108173793595451897825503e-1 2.6054216403816651670909035598998537179964876814323442420380e-1

1.6851225065971415341244607964808846963880375485304843932843 1.8723977784631601916018351155641547912954560366483347873556
-1.3255833382779669308139297825821454877153654036921922728841 7.1372543401090046177108595234965190540165063727557519628449e-2
-9.1603623170108916727223138261858676470375565649431201582627e-2 -1.8114884936911692864642627544609020298908469221309163730170
-8.6906409233811503703549416502978025631406986257583121575065e-2 -1.9560173195545383800664518880636025845280214741557141026672

4.3069424980479249036331986458695090536557120028287159208466e-1 4.0699721761773552869486005994463882878246656209218383754108e-1
-1.2983551893173806662145580848704625004171332320930791058994 2.5271606752920898493967449940288077456285972279807512977460e-1
1.2065283984697136977243631461937895823970782707766490826776e-1 -2.9421274077493893477690047541740049857223737445552160878303e-1
-3.3601395779872215694203058751250223275845755183985978130775e-1 -1.3135676918067799291045798903263137895589773640209807693823e-1


1 4
2.380243105144668135837213805494201883730362114112576244613197292116482816385641209519780069003806162379740806594012516986672439587666179243604907935946530631148235093205230864967733052019598770936378452359482739482163184100898659075854725978101657197321491375435283872879768682003832969199405000638762649397317e-1 -9.687680841772933459914113411494698642929103269537605474229581576056402084734600133755610206783994753889954502567996861972725243137934000251739612526904461106138126780537132465325939862441271423940060120361340144756960700753071022961824817594165133125692798463541234930027080738665430004352994295363067075684044e-1
5.317255973066339138101579532485252986120150299023491144801064042925323013142745482347060326031520596216829737999226949578490343934692806400594512838581032114606971766844505022413971535286071646480062100519561669771229836922356546949689927131159663540460591242277734604391139479520947483736425678609048074911621e-1 -5.625545032495539449935772495644564788249552634929729650259505773486170158023404677071775364664728395154792112787930179216609571042869444406721473317744492545028630978763625296844772403727045543395110022156184393603067542509679650896566146652657716513465363340867977037366487029172434423994084477617749492565128e-2
3.996432263214474253649090982931164789108630154546447928990425172489506678509308213535607252860707372236840475328270876485322801070345486163140872549099458802767934624902424074749446098181197923696825094767937591063694534578399073810754595391566166303506782774947828632574269055000286288057045557033348426019668e-1 -3.527279509713129093017106802357154024079636998481653771189803797598087725037634743105722518085433642008844196040832132142746046140153883392183478087602788115825097823110943207348314117328156898121870693313815005753550933681875917096076638408917151359732381911519811186984744194144389692080779978691220046656787e-1
-8.820305496646916199919110268897668524839879156938770228486701027085908153260757075540109211724481411301713711019431090959606282600181863080489408668071060509394334939113265390836452253643723840423940018494554850540547481517273994216405310801168528696672378696108627210184809956998495653760988513235496780713590e-1 -4.679255854897829539916259940088024253300564199083967822770283731219899205561341050137064218610053480448869462119982933827617852134071247552527030642844827209259993425829595619714272652075464455110069063564108114646100148651980011773683512548470357376617661076286872923931215036591373323339647215478387720141178e-1


1 4
6.372643394581858342593482552484379009110080927018458599559575078516870864561108948885708394363043633506092633114117241965870695506528069431991134249884720428541870102677814956555808026551836643614826031641476297135293692610832453430737500535182055257259327871697867614176704590801743290872301620790121428889703e-2 -2.986760489803941784153589347236330964856812180899222604226692305051271274396043912430449577056310645983447990222654157317196233169901712584018700811164629026644735963913411187666498353367815884264182536193201568378115261578308119917951909134365307123479191338807996306368295898177679811170376308230602011575961e-1
-4.188785566936262873934256486682820125781843526252875152266275740358938684848282536944566536868057051608545001050217179195302195107513039105423580622103285052475711725842108180155941109609959791693373850904528439921243585512187876480350770295473113684007109542596130876440479977268172335420302364095530389648292e-1 -1.378555474985123564212929869374615493967709257952336113164276839789581964033601456683419511198968633673768605124435933083587032017868316993341561986320177708362589345107703196708610463104047862888613322583774776712415954731877596801348747671041074727749757290352857985292112069153679975097974446943297030304969e-1
5.197453878816439535029155360018242672872721140208016214534211486131175127574103604830177035207613338801019955424840514410904661884672691621998513653298598120882642315815732906559107080446068039218653832847093281370274936188958343072480425827784754255722861094691291369313858168531063441604429707879024413738086e-1 1.477906464614808190716872550203957058154430164378687465093272098423327828021047311160896399823089285800572482002001231853286651689943686155286097419980071821166300961535395905595327542479161087782746132283141400029728598092254593324388674161996462996339997700492707526089380405893392999221723263596118095626837e-1
-5.949948590573403909277448749965209016210469187165492171146741844744811100699948767245615137883554324639382577943111334817475248733081127941541536453864607075136577016284461720484145718637261273559018437364574668472691738824453516499491230799829606215774402480636895758434739899162945644744827883306178357515349e-1 -2.574333631015083005680986190496150807788160735974041022840407025047859321381392215929837852711424117286700166716755276926340783606546360987520525786305218598895834729003433325468701617213368292958082424416590717506042575320399953325342992799214002044717586800911979365840673700783855754814243619274067122494098e-1


