6 1 -1

-1.1332485443685182054960534961500862304816238437733158322862 -4.1913992016179044324580397397595858950186428392571581021881e-1
-1.0155438349394573970828740241575228314129960076320327334628 5.7811488116604760841923070247075704055994023516024464469701e-1
1.2320717452411137066587029423329588021719979817286582468210 8.7579537824745415198002570811075957543995382879905714133612e-1
2.6193665495587171865164425143744786169855631122911425180177e-1 1.3100119640953395569123510147173163260994493080052578839030

2.3962842433928292536701707449602177063719605184633470351530e-2 -1.6155548092678595935926817655017228869625704629285568762959e-1
-1.3125318495021041754787038562086258613072405971657527843599 3.5028984226822023598929214860493737903955616711033721575349e-1
1.6800397193000294745081141188700144478675687366972155789883e-1 3.1416654058889607486014921753209417429660289878307807931065e-1
-4.5176210027498524135155420026494924212636466974632646163157e-1 5.3979134341781994092543315873018636784111408399752415313044e-1

-3.0490525077029610567009517837766900589138071269763634896753e-1 4.6506262653761026528045567601404693501716745191010394065648e-2
-1.1906800772688672518790438412958229348454481201538723262533 3.3451521488847031423128615579149707353370642691063281980296e-1
5.4561345238474174591857348044054011304521817682927990913586e-1 1.9840867726834729105970352884268168930311298566102972061534e-1
-1.0735773652907408172261888299593775762949362022801577098515e-1 5.5369923850264464477451164977624323623154760102621933854492e-1

-2.8109527165753249212222158840638985821033364939565122071512e-2 2.1951021840807903695887350186901956330206438988058995642472e-1
-1.2468852984329501956962451765009101142507436524429980377459 2.4813211445208330204228620623221112989877781668395842943738e-1
3.2088378317147345990550678199767428703197364917487506566095e-1 -4.4984649032118369346221819500005089851471651169024101503486e-2
-2.2199828148752991808898370642876022239327964413328709331078e-1 2.8828803971605775815763349874630950456754484394066650092870e-1

3.4639639899138503033673208154869658638776495416650350273250e-1 2.1395074929689879866481779018660955312633144654535284091558
-1.0984488788581531124492569854498997614577370546013192483873 -3.5138922239457679326786710576236431442185894392256991603721e-1
4.6764925478970997095669960601459283194412871399281556358252e-1 -2.0248692928791985443102329773229786530039959404829662858618
4.7152303041937101808171221899764759291724802205469501521325e-1 -1.2994876864587256985328266196184393866397648481749612752073

3.4110402463077591657731611098170719821750295819244835850329e-1 4.1686199210041028411022600887486515891490425352331156375633e-1
-1.3263058921082988029373033947057987633803373034813461315466 1.4247320412004301134532832234670109070581328680843321954450e-1
1.2184822104761181063497576574837048284763615476550047260440e-2 -3.3692836425062978172381197262131837591930593518647295846429e-1
-3.9173567795378052808365148529166474406321926528354280486325e-1 -4.1387159231196051936717112803911340381523042245297427819040e-2


1 4
2.380243105144668135837213805494201883730362114112576244613197292116482816385641209519780069003806162379740806594012516986672439587666179243604907935946530631148235093205230864967733052019598770936378452359482739482163184100898659075854725978101657197321491375435283872879768682003832969199405000638762649397317e-1 -9.687680841772933459914113411494698642929103269537605474229581576056402084734600133755610206783994753889954502567996861972725243137934000251739612526904461106138126780537132465325939862441271423940060120361340144756960700753071022961824817594165133125692798463541234930027080738665430004352994295363067075684044e-1
5.317255973066339138101579532485252986120150299023491144801064042925323013142745482347060326031520596216829737999226949578490343934692806400594512838581032114606971766844505022413971535286071646480062100519561669771229836922356546949689927131159663540460591242277734604391139479520947483736425678609048074911621e-1 -5.625545032495539449935772495644564788249552634929729650259505773486170158023404677071775364664728395154792112787930179216609571042869444406721473317744492545028630978763625296844772403727045543395110022156184393603067542509679650896566146652657716513465363340867977037366487029172434423994084477617749492565128e-2
3.996432263214474253649090982931164789108630154546447928990425172489506678509308213535607252860707372236840475328270876485322801070345486163140872549099458802767934624902424074749446098181197923696825094767937591063694534578399073810754595391566166303506782774947828632574269055000286288057045557033348426019668e-1 -3.527279509713129093017106802357154024079636998481653771189803797598087725037634743105722518085433642008844196040832132142746046140153883392183478087602788115825097823110943207348314117328156898121870693313815005753550933681875917096076638408917151359732381911519811186984744194144389692080779978691220046656787e-1
-8.820305496646916199919110268897668524839879156938770228486701027085908153260757075540109211724481411301713711019431090959606282600181863080489408668071060509394334939113265390836452253643723840423940018494554850540547481517273994216405310801168528696672378696108627210184809956998495653760988513235496780713590e-1 -4.679255854897829539916259940088024253300564199083967822770283731219899205561341050137064218610053480448869462119982933827617852134071247552527030642844827209259993425829595619714272652075464455110069063564108114646100148651980011773683512548470357376617661076286872923931215036591373323339647215478387720141178e-1


1 4
6.372643394581858342593482552484379009110080927018458599559575078516870864561108948885708394363043633506092633114117241965870695506528069431991134249884720428541870102677814956555808026551836643614826031641476297135293692610832453430737500535182055257259327871697867614176704590801743290872301620790121428889703e-2 -2.986760489803941784153589347236330964856812180899222604226692305051271274396043912430449577056310645983447990222654157317196233169901712584018700811164629026644735963913411187666498353367815884264182536193201568378115261578308119917951909134365307123479191338807996306368295898177679811170376308230602011575961e-1
-4.188785566936262873934256486682820125781843526252875152266275740358938684848282536944566536868057051608545001050217179195302195107513039105423580622103285052475711725842108180155941109609959791693373850904528439921243585512187876480350770295473113684007109542596130876440479977268172335420302364095530389648292e-1 -1.378555474985123564212929869374615493967709257952336113164276839789581964033601456683419511198968633673768605124435933083587032017868316993341561986320177708362589345107703196708610463104047862888613322583774776712415954731877596801348747671041074727749757290352857985292112069153679975097974446943297030304969e-1
5.197453878816439535029155360018242672872721140208016214534211486131175127574103604830177035207613338801019955424840514410904661884672691621998513653298598120882642315815732906559107080446068039218653832847093281370274936188958343072480425827784754255722861094691291369313858168531063441604429707879024413738086e-1 1.477906464614808190716872550203957058154430164378687465093272098423327828021047311160896399823089285800572482002001231853286651689943686155286097419980071821166300961535395905595327542479161087782746132283141400029728598092254593324388674161996462996339997700492707526089380405893392999221723263596118095626837e-1
-5.949948590573403909277448749965209016210469187165492171146741844744811100699948767245615137883554324639382577943111334817475248733081127941541536453864607075136577016284461720484145718637261273559018437364574668472691738824453516499491230799829606215774402480636895758434739899162945644744827883306178357515349e-1 -2.574333631015083005680986190496150807788160735974041022840407025047859321381392215929837852711424117286700166716755276926340783606546360987520525786305218598895834729003433325468701617213368292958082424416590717506042575320399953325342992799214002044717586800911979365840673700783855754814243619274067122494098e-1


