6 1 -1

-1.3300846771490829075943323311936896806327937327733020755330 -7.5839036941469691440372671381137508070090340580051265417398e-1
-1.1934110662461784098786400207573195998057291589836523804799 4.6289195668985399135629971911754341973306819616845505810994e-1
8.5525277617702617291484072707419615283561963473247217399124e-1 1.2412310881875000978102744055204517627305239442642822956706
-2.0420607331223510014157687919508839646370906673329134559058e-2 1.8425994218204820923349799464146881094108085021222861749854

1.5098040526451968829200687934188848836244887934169446650998e-2 -1.6004180847063345083754996624285155982138960177859504828824e-1
-1.2951342811507620201458043121390479007806912907183292027180 3.2264002599048793724150928536001286830994531745636582697957e-1
1.5824935075022693363383004669364558016476272071172810003262e-1 2.6840324856741852751894025624270546003593566906566652652669e-1
-4.7338311290421542682788089185313738020680329559356056983834e-1 5.2679425136145530528513113600986518318518086050280929571439e-1

-2.3264648433721953013496481108136592551429428046159313072599e-1 1.2475407581771159575422448612856082219623752326730458537199e-1
-1.2531107645047405486475729416622445257915110631217589096434 3.0824167291507708293187079194935748624025726244243743997757e-1
4.4909207769470652168899027545664656658072673699087677857356e-1 1.7063492208227207649351387123202728300180181474499886871098e-1
-1.1680013865754473896397887410590639830428763279548470192396e-1 5.1461803185014354560373978296961825138293176105669341113985e-1

-6.5978219362844318416909086881282555802141877929646152845787e-3 2.6763719820135258329673137117313723499428841150041751982954e-1
-1.2677085791859053558613206008686588701739022125869498634589 2.8036166078140024963829718503650079791013853734578655898299e-1
3.4937916897816514345610075503154373083955736677081755356197e-1 -2.2523508201820430828879853292150493747297181029056635558341e-2
-1.6364057840724246016036739372917079334711014692911072139028e-1 2.6622814267535637019455912593656278736755842675747865282157e-1

1.5427180429362369240359657381606139171052794559499996848225 1.9697423146569624275286008941386197419428245981279179592310
-1.3251442645650392281366787992856300851429957646925967787335 1.5660381549399177508344817689842070210867045676979996219057e-2
-3.6732764659247661288757667881409469375605588973029569320818e-2 -1.8531753223428055888929320809910789276487095677633267039409
1.5173194435823679792982998893033597096773251967436639196847e-2 -1.9019387162248681512567805492028147813752496612893078826197

4.2131332316014797522222088360064693471722745445666754700713e-1 4.0877501570697472067788048920847157695684743392120571355857e-1
-1.3029682605054226433106208809995800469027265891599841068878 2.4075754118341845078212501572566795928773310392743831333298e-1
1.0742010125352268533455183234201880119797449542087517547003e-1 -2.9749102915759371444234584952275316193410372325900462118150e-1
-3.4175572012468488276101882017170093267608316996700997259185e-1 -1.2063595474157400438379636827643886678564555974271049432441e-1


1 4
2.380243105144668135837213805494201883730362114112576244613197292116482816385641209519780069003806162379740806594012516986672439587666179243604907935946530631148235093205230864967733052019598770936378452359482739482163184100898659075854725978101657197321491375435283872879768682003832969199405000638762649397317e-1 -9.687680841772933459914113411494698642929103269537605474229581576056402084734600133755610206783994753889954502567996861972725243137934000251739612526904461106138126780537132465325939862441271423940060120361340144756960700753071022961824817594165133125692798463541234930027080738665430004352994295363067075684044e-1
5.317255973066339138101579532485252986120150299023491144801064042925323013142745482347060326031520596216829737999226949578490343934692806400594512838581032114606971766844505022413971535286071646480062100519561669771229836922356546949689927131159663540460591242277734604391139479520947483736425678609048074911621e-1 -5.625545032495539449935772495644564788249552634929729650259505773486170158023404677071775364664728395154792112787930179216609571042869444406721473317744492545028630978763625296844772403727045543395110022156184393603067542509679650896566146652657716513465363340867977037366487029172434423994084477617749492565128e-2
3.996432263214474253649090982931164789108630154546447928990425172489506678509308213535607252860707372236840475328270876485322801070345486163140872549099458802767934624902424074749446098181197923696825094767937591063694534578399073810754595391566166303506782774947828632574269055000286288057045557033348426019668e-1 -3.527279509713129093017106802357154024079636998481653771189803797598087725037634743105722518085433642008844196040832132142746046140153883392183478087602788115825097823110943207348314117328156898121870693313815005753550933681875917096076638408917151359732381911519811186984744194144389692080779978691220046656787e-1
-8.820305496646916199919110268897668524839879156938770228486701027085908153260757075540109211724481411301713711019431090959606282600181863080489408668071060509394334939113265390836452253643723840423940018494554850540547481517273994216405310801168528696672378696108627210184809956998495653760988513235496780713590e-1 -4.679255854897829539916259940088024253300564199083967822770283731219899205561341050137064218610053480448869462119982933827617852134071247552527030642844827209259993425829595619714272652075464455110069063564108114646100148651980011773683512548470357376617661076286872923931215036591373323339647215478387720141178e-1


1 4
6.372643394581858342593482552484379009110080927018458599559575078516870864561108948885708394363043633506092633114117241965870695506528069431991134249884720428541870102677814956555808026551836643614826031641476297135293692610832453430737500535182055257259327871697867614176704590801743290872301620790121428889703e-2 -2.986760489803941784153589347236330964856812180899222604226692305051271274396043912430449577056310645983447990222654157317196233169901712584018700811164629026644735963913411187666498353367815884264182536193201568378115261578308119917951909134365307123479191338807996306368295898177679811170376308230602011575961e-1
-4.188785566936262873934256486682820125781843526252875152266275740358938684848282536944566536868057051608545001050217179195302195107513039105423580622103285052475711725842108180155941109609959791693373850904528439921243585512187876480350770295473113684007109542596130876440479977268172335420302364095530389648292e-1 -1.378555474985123564212929869374615493967709257952336113164276839789581964033601456683419511198968633673768605124435933083587032017868316993341561986320177708362589345107703196708610463104047862888613322583774776712415954731877596801348747671041074727749757290352857985292112069153679975097974446943297030304969e-1
5.197453878816439535029155360018242672872721140208016214534211486131175127574103604830177035207613338801019955424840514410904661884672691621998513653298598120882642315815732906559107080446068039218653832847093281370274936188958343072480425827784754255722861094691291369313858168531063441604429707879024413738086e-1 1.477906464614808190716872550203957058154430164378687465093272098423327828021047311160896399823089285800572482002001231853286651689943686155286097419980071821166300961535395905595327542479161087782746132283141400029728598092254593324388674161996462996339997700492707526089380405893392999221723263596118095626837e-1
-5.949948590573403909277448749965209016210469187165492171146741844744811100699948767245615137883554324639382577943111334817475248733081127941541536453864607075136577016284461720484145718637261273559018437364574668472691738824453516499491230799829606215774402480636895758434739899162945644744827883306178357515349e-1 -2.574333631015083005680986190496150807788160735974041022840407025047859321381392215929837852711424117286700166716755276926340783606546360987520525786305218598895834729003433325468701617213368292958082424416590717506042575320399953325342992799214002044717586800911979365840673700783855754814243619274067122494098e-1


