6 1 -1

-1.4282298012407724177157018008385121931824753441169683182626 -8.6341175707499788103839153128267133794503135924565408051401e-1
-1.2465513761911690559355295995698877593585346416502338853132 4.0362192775953097879453155008074968066101685079711755857870e-1
7.3198830091607059858189189208680250190483500755587003937171e-1 1.3454076310436133268188158532193817701516458841940772670637
-1.1067305580799163236441244350092275235987519841736908799660e-1 2.0340893496030376057681566839807620193395786238202403697529

1.3017352574615605180204742999208980853925721273895730888110e-2 -1.5919223269608115961318266546612384053738945184760090419293e-1
-1.2908129190997115384367261836148699442594827751014825898628 3.1456555443070130105484132417242165312102283356066081970895e-1
1.5454637210244040643811905776352498108768012695810943455580e-1 2.5549078252317552912493596015789460677606343172960729588345e-1
-4.7969829845290288236382881106516904715157655438893080256511e-1 5.2314610307785752411855006947569965698827250909929160991357e-1

-2.0964532738202345347709233556369707436084623120365029003335e-1 1.2749122936057429151098200774775453276604338542952961466363e-1
-1.2690381782863890512500006951563750613381609676959738208273 3.0888039543370688725974008541061219984124378956275652787600e-1
4.2269016978334854037944133746062899051893314505896874606524e-1 1.7799446814029089763036275931967813076275375627742633262635e-1
-1.2793136891723057463414680194207273957260541995682557868925e-1 5.1129254875951852272468496310147074226970029313505891369199e-1

1.1618899518890811105987533351456432017415393502336947240225e-2 2.8091159237429849497583650705499113222335913779154321226412e-1
-1.2741221755374051911284108150706047100513046366149013386661 2.9298072035781093066576552797730454599875292203895215513175e-1
3.5453844540507748575590535228672920729397629476163617717830e-1 -1.7500928703288583402355356050078794070875876190676895314173e-2
-1.5081769776974157233901272041966261465347596054162852877894e-1 2.5122842623214969936940816728296557856939923296227821540902e-1

1.8794813752330613539366666956145426798891042474200651680195 1.6927362111753562775097963079814120895528583781273972003595
-1.3126331427423222395283782244516440101262307657787961823531 1.5302247768853721490844539048429392975834698984071125259787e-1
-1.6798961739356311558982350910045694004928091316352851193609e-1 -1.7403747908267244003926279581475313079634639477489723332150
-2.5705278761200696358984523413047826236994334271618840899781e-1 -2.0165438170987364548355574839292601996071156764377498232667

4.4467668817258873779617901007177537271132779958077198591478e-1 4.0409755837639082633564142633945528215335202669905682960886e-1
-1.2907608804704451480762091512435620193270886374936805666771 2.7056842552031905879480337278952076182586383647487264260414e-1
1.4102955291962126893399473211967647369404046366602186386570e-1 -2.9002364646972410547333209671036844153921023005883378920546e-1
-3.2759599595968548530800650683329619234216646379685717261648e-1 -1.4793541011680822428588357074753804839697883428726003763567e-1


1 4
2.380243105144668135837213805494201883730362114112576244613197292116482816385641209519780069003806162379740806594012516986672439587666179243604907935946530631148235093205230864967733052019598770936378452359482739482163184100898659075854725978101657197321491375435283872879768682003832969199405000638762649397317e-1 -9.687680841772933459914113411494698642929103269537605474229581576056402084734600133755610206783994753889954502567996861972725243137934000251739612526904461106138126780537132465325939862441271423940060120361340144756960700753071022961824817594165133125692798463541234930027080738665430004352994295363067075684044e-1
5.317255973066339138101579532485252986120150299023491144801064042925323013142745482347060326031520596216829737999226949578490343934692806400594512838581032114606971766844505022413971535286071646480062100519561669771229836922356546949689927131159663540460591242277734604391139479520947483736425678609048074911621e-1 -5.625545032495539449935772495644564788249552634929729650259505773486170158023404677071775364664728395154792112787930179216609571042869444406721473317744492545028630978763625296844772403727045543395110022156184393603067542509679650896566146652657716513465363340867977037366487029172434423994084477617749492565128e-2
3.996432263214474253649090982931164789108630154546447928990425172489506678509308213535607252860707372236840475328270876485322801070345486163140872549099458802767934624902424074749446098181197923696825094767937591063694534578399073810754595391566166303506782774947828632574269055000286288057045557033348426019668e-1 -3.527279509713129093017106802357154024079636998481653771189803797598087725037634743105722518085433642008844196040832132142746046140153883392183478087602788115825097823110943207348314117328156898121870693313815005753550933681875917096076638408917151359732381911519811186984744194144389692080779978691220046656787e-1
-8.820305496646916199919110268897668524839879156938770228486701027085908153260757075540109211724481411301713711019431090959606282600181863080489408668071060509394334939113265390836452253643723840423940018494554850540547481517273994216405310801168528696672378696108627210184809956998495653760988513235496780713590e-1 -4.679255854897829539916259940088024253300564199083967822770283731219899205561341050137064218610053480448869462119982933827617852134071247552527030642844827209259993425829595619714272652075464455110069063564108114646100148651980011773683512548470357376617661076286872923931215036591373323339647215478387720141178e-1


1 4
6.372643394581858342593482552484379009110080927018458599559575078516870864561108948885708394363043633506092633114117241965870695506528069431991134249884720428541870102677814956555808026551836643614826031641476297135293692610832453430737500535182055257259327871697867614176704590801743290872301620790121428889703e-2 -2.986760489803941784153589347236330964856812180899222604226692305051271274396043912430449577056310645983447990222654157317196233169901712584018700811164629026644735963913411187666498353367815884264182536193201568378115261578308119917951909134365307123479191338807996306368295898177679811170376308230602011575961e-1
-4.188785566936262873934256486682820125781843526252875152266275740358938684848282536944566536868057051608545001050217179195302195107513039105423580622103285052475711725842108180155941109609959791693373850904528439921243585512187876480350770295473113684007109542596130876440479977268172335420302364095530389648292e-1 -1.378555474985123564212929869374615493967709257952336113164276839789581964033601456683419511198968633673768605124435933083587032017868316993341561986320177708362589345107703196708610463104047862888613322583774776712415954731877596801348747671041074727749757290352857985292112069153679975097974446943297030304969e-1
5.197453878816439535029155360018242672872721140208016214534211486131175127574103604830177035207613338801019955424840514410904661884672691621998513653298598120882642315815732906559107080446068039218653832847093281370274936188958343072480425827784754255722861094691291369313858168531063441604429707879024413738086e-1 1.477906464614808190716872550203957058154430164378687465093272098423327828021047311160896399823089285800572482002001231853286651689943686155286097419980071821166300961535395905595327542479161087782746132283141400029728598092254593324388674161996462996339997700492707526089380405893392999221723263596118095626837e-1
-5.949948590573403909277448749965209016210469187165492171146741844744811100699948767245615137883554324639382577943111334817475248733081127941541536453864607075136577016284461720484145718637261273559018437364574668472691738824453516499491230799829606215774402480636895758434739899162945644744827883306178357515349e-1 -2.574333631015083005680986190496150807788160735974041022840407025047859321381392215929837852711424117286700166716755276926340783606546360987520525786305218598895834729003433325468701617213368292958082424416590717506042575320399953325342992799214002044717586800911979365840673700783855754814243619274067122494098e-1


