4
1
1
6
192
-8.5904522559530263380037988205841466877717151695344879542027e-1 -3.4538664498982242743979819283498733390410931148830672415509e-3
-8.7800342942621263689889197360544666152916405245852434837136e-1 2.5373959369836454744650604032366605703681907526045956352920e-1
1.0382486043379511305632035615920663939385866570380816708332 3.0338778747318698507824323556501581602898581120634073775754e-2
1.0282421354738235946413319246108622501265980458427643908620e-1 6.9555086622670506322679304173604457599218071956910263828817e-1
52
-8.590452255953027e-01 -3.453866449898088e-03
-8.780034294262127e-01 2.537395936983647e-01
1.038248604337951e+00 3.033877874731853e-02
1.028242135473824e-01 6.955508662267050e-01
1.000000000000000e+00
0
1.000000000000000e+00
0.000000000000000e+00
10
1
0
0
192
-3.5738004120655160497025989806304334834673625399531222764747e-1 -2.1343704735213377550904306484671695557297788666137623335107
-4.1695669835702373731019275027453982061850699719169447404971e-1 2.0392082869486652908476780932076964828042693199998965476138e-1
1.8172901292053551999633769099224222006720880058063730848477e-1 3.1322627722576960422990418456286865210497669943096643444083e-1
-1.9140338546946405133912954583066215287161214027488990340208 1.0507295907957842325224928541222339058817738134286747611514
52
-3.573800412065518e-01 -2.134370473521338e+00
-4.169566983570238e-01 2.039208286948666e-01
1.817290129205356e-01 3.132262772257695e-01
-1.914033854694640e+00 1.050729590795784e+00
1.000000000000000e+00
0
1.000000000000000e+00
0.000000000000000e+00
10
1
0
0
192
-4.5874155122214372715247009440108050164542945236167671712889e-2 -1.1112430987127763924757905113974762645344373588274074828376e-1
-7.9923506768133551826742535802682714408795712879209345910884e-1 4.0861684675888765538656885517154473241316580818574335828527e-1
8.2524113013691633514113890816618975270579891622223398311292e-1 -2.3207406976944239406990385101831075385905619423619228482885e-1
-2.8982614000413131109113400726617285801183735446599345202411e-1 3.6290261236435616620899168332796370217443475370692350871848e-2
52
-4.587415512221429e-02 -1.111243098712776e-01
-7.992350676813357e-01 4.086168467588877e-01
8.252411301369162e-01 -2.320740697694424e-01
-2.898261400041313e-01 3.629026123643550e-02
1.000000000000000e+00
0
1.000000000000000e+00
0.000000000000000e+00
10
1
0
0
192
5.5631117495886310907391161733251442602144939004873124821460e-2 1.2267168339723634308077128550591350578879363466376282108955e-1
-8.3879652467029233871838692461496076227707651284171370986107e-1 4.4535817541037230521069338211791023045710298882763846000645e-1
8.8548872092405371885328091823441574964593124437355682999544e-1 -3.1809495695597022001152305407425866332181941805649351086970e-1
-1.2631692329855853500589420828403459852264891857687005130607e-1 -1.3724443780721327396227034200895073803853987239463681222396e-1
52
5.563111749588647e-02 1.226716833972363e-01
-8.387965246702924e-01 4.453581754103724e-01
8.854887209240538e-01 -3.180949569559703e-01
-1.263169232985587e-01 -1.372444378072134e-01
1.000000000000000e+00
0
1.000000000000000e+00
0.000000000000000e+00
10
1
0
0
192
1.5949400559146036378953861333470237109804466068107856314086 -3.4100406646636348882401522385090415779736433573777268271287
-2.4630117934973003279931952556778983959886654340682547170041e-2 5.0413994420266582653881048750468493413663669333702470100399e-1
-6.8693367567676960811734227027573461818130678981250431821953e-1 -9.7653919537510355382512998069599086556313502018936535400917e-2
-3.7310868495623566125482569470126353805077643478049894938898 -1.5668950479739896210108616731722791666150768291114149494978e-1
52
1.594940055914603e+00 -3.410040664663636e+00
-2.463011793497277e-02 5.041399442026658e-01
-6.869336756767696e-01 -9.765391953751003e-02
-3.731086849562357e+00 -1.566895047973977e-01
1.000000000000000e+00
0
9.999999999999999e-01
0.000000000000000e+00
10
1
0
0
192
5.5153757441493827591065183490806405465742307706204628883470e-1 6.1050034379031393119951502107159962349333963027758788421060e-2
-7.9156741763989248085433641779711798327674123907014591483546e-1 5.4009343490866999275850387261962412022447416193969118136136e-1
7.5700676581180113101734735667722880142102968863895539116447e-1 -4.7899598746972668614894915961177264261228503669127243945725e-1
-3.6229879526619362407004515394273335482417244511542566489845e-1 -5.4078080702022999750739027431521104826816784071848377655109e-1
52
5.515375744149381e-01 6.105003437903134e-02
-7.915674176398925e-01 5.400934349086699e-01
7.570067658118012e-01 -4.789959874697266e-01
-3.622987952661936e-01 -5.407808070202299e-01
1.000000000000000e+00
0
9.999999999999999e-01
0.000000000000000e+00
10
1
0
0
-1

2
1 0

4
4999999999999999999999999999999999999999999999999999999999999999999999999999999999999999999999999999999999999999999999999999999999999999999999999999999999999999999999999999999999999999999999999999999999999999999999999999999999999999999999999999999999999999999999999999999999999999999999999999999999999999999889/10000000000000000000000000000000000000000000000000000000000000000000000000000000000000000000000000000000000000000000000000000000000000000000000000000000000000000000000000000000000000000000000000000000000000000000000000000000000000000000000000000000000000000000000000000000000000000000000000000000000000000000000 -98284627660349941783130294819679743530100095676812627924031371323098077164415964769696005053050206859093232576071306210262765393202082784478436266337545220952298928769409659644668029933886976476845051676242714495781994804427033808560823128627437055930873111845218876649882464431606086820881681245864660644477/50000000000000000000000000000000000000000000000000000000000000000000000000000000000000000000000000000000000000000000000000000000000000000000000000000000000000000000000000000000000000000000000000000000000000000000000000000000000000000000000000000000000000000000000000000000000000000000000000000000000000000000000000000000000000000000000000000000000000000000000000000000000000000000000000000000000000000000000000000000000000000000000000000000000000000000000000000000000000000000000000000000000000000000000000000000000000000000000000000000000000000000000000000000000000000000000000000000000000000000000000000000000000000
434584737989687770134811077603985168792815621184049185654946761110782116174593397627789679494631058703919402291217931836943834797178410177510939919019085707252105076861719205171798856922379616420297180673230957760587573291173173948566046669671970933587615554618847780450931663731420859332204639404287002261807/2500000000000000000000000000000000000000000000000000000000000000000000000000000000000000000000000000000000000000000000000000000000000000000000000000000000000000000000000000000000000000000000000000000000000000000000000000000000000000000000000000000000000000000000000000000000000000000000000000000000000000000000000000000000000000000000000000000000000000000000000000000000000000000000000000000000000000000000000000000000000000000000000000000000000000000000000000000000000000000000000000000000000000000000000000000000000000000000000000000000000000000000000000000000000000000000000000000000000000000000000000000000000000000 -5215016855876253241617732931247822025513787454208590227859361133329385394095120771533476153935572704447032827494615182043326017566140922130131279028229028487025260922340630462061586283068555397043566168078771493127050879494078087382792560036063651203051386655426173365411179964777050311986455672851444027141683/10000000000000000000000000000000000000000000000000000000000000000000000000000000000000000000000000000000000000000000000000000000000000000000000000000000000000000000000000000000000000000000000000000000000000000000000000000000000000000000000000000000000000000000000000000000000000000000000000000000000000000000000000000000000000000000000000000000000000000000000000000000000000000000000000000000000000000000000000000000000000000000000000000000000000000000000000000000000000000000000000000000000000000000000000000000000000000000000000000000000000000000000000000000000000000000000000000000000000000000000000000000000000000000
-4527422702929978995889483916740329947580229135234512095084044185161937875123219912680285809261519580024733253188056198983647111300239792170806469038535957696409539291731305697153494008263554360124849858442552470355496568788143355703584504443803972423742859624581004955483632412088486076904264886337078332359263/50000000000000000000000000000000000000000000000000000000000000000000000000000000000000000000000000000000000000000000000000000000000000000000000000000000000000000000000000000000000000000000000000000000000000000000000000000000000000000000000000000000000000000000000000000000000000000000000000000000000000000000000 7408210303075985094825821605360225529177968972079261415650100861845052509454133628357943520264561896839419355562967586353913420665984187946892785972002685603305933798684473226482504522991933241978851861554445567345744546634474376519148303607647092197711912586619726755171595490093824784774749233362682502499737/100000000000000000000000000000000000000000000000000000000000000000000000000000000000000000000000000000000000000000000000000000000000000000000000000000000000000000000000000000000000000000000000000000000000000000000000000000000000000000000000000000000000000000000000000000000000000000000000000000000000000000000000
-70439355161114769292599252933709883890066659501845254974813218369283710947627243019550548840656264364753606403214552996581857840634527879303230937278258681994809924947351973631503321034981079693196195398749223440521300704619063467191056229845623198768156633663195866132981572516989978085915073636712267806403/400000000000000000000000000000000000000000000000000000000000000000000000000000000000000000000000000000000000000000000000000000000000000000000000000000000000000000000000000000000000000000000000000000000000000000000000000000000000000000000000000000000000000000000000000000000000000000000000000000000000000000000 1132757082454621952736469916579315703360407487636878758019977881567614764778454323404796356080901003638610502185753012719003829252668637930380510471629413041125497051141386982444815487738744660939318435706221923264968898469410025293451967205346046260255913104836039763098975507789361174255629332202426714975473/2500000000000000000000000000000000000000000000000000000000000000000000000000000000000000000000000000000000000000000000000000000000000000000000000000000000000000000000000000000000000000000000000000000000000000000000000000000000000000000000000000000000000000000000000000000000000000000000000000000000000000000000

0 0
2 4
-989613984849733042207981384487189698992078633178702134645827791069578686220843186422643733214093422994524649038723531865310800433535295800755442353525142935072645824605698945664976909700523430817920222788200850932017952361838625006028858916137467890737894536899384770797589196421536034607082325491293867330279/2500000000000000000000000000000000000000000000000000000000000000000000000000000000000000000000000000000000000000000000000000000000000000000000000000000000000000000000000000000000000000000000000000000000000000000000000000000000000000000000000000000000000000000000000000000000000000000000000000000000000000000000 -173211247600834566007526637707834826427425854690985832427172980062527085906630091891955407772400524443365505832554280385042074771070981527324476620869453513406409396229826559684521403009539414609998820533126642765455900939902458039046801523496474460102574317560686215429697559079961564000990777722810875905707/1000000000000000000000000000000000000000000000000000000000000000000000000000000000000000000000000000000000000000000000000000000000000000000000000000000000000000000000000000000000000000000000000000000000000000000000000000000000000000000000000000000000000000000000000000000000000000000000000000000000000000000000
-1065587696908197198363292099188955759041103665510174609811529026846103840379831010803727010007635784136996947073637614296099640212601669899611452636853209251612685255562188198280826476438341774760233352506754668549156320510600374410514170532948781596306131086005403815420779585923560654620752251949692211003679/20000000000000000000000000000000000000000000000000000000000000000000000000000000000000000000000000000000000000000000000000000000000000000000000000000000000000000000000000000000000000000000000000000000000000000000000000000000000000000000000000000000000000000000000000000000000000000000000000000000000000000000000 4021889517908407042757405484126022253948126539593449422447931436227376728083643008024685257340542306453203716103182316120650566154149341037066238699385991464750850107889722605681213603446923274536719010089161395188724697504601964710654464467189686400878774753908947272343914695939172757144504086941746024936299/5000000000000000000000000000000000000000000000000000000000000000000000000000000000000000000000000000000000000000000000000000000000000000000000000000000000000000000000000000000000000000000000000000000000000000000000000000000000000000000000000000000000000000000000000000000000000000000000000000000000000000000000
-1507633752312545743287394461896068979867088448103225430867404639963066158350735390412218677249010384181649213950495720407357102171075567948133814747630101364573403248652205634658545763309233597309156518384057866897283805903555076518380557373718057364472288644701098826280932569499245091862047371843680148004397/100000000000000000000000000000000000000000000000000000000000000000000000000000000000000000000000000000000000000000000000000000000000000000000000000000000000000000000000000000000000000000000000000000000000000000000000000000000000000000000000000000000000000000000000000000000000000000000000000000000000000000000000 1613428439586274869749157795285101338976337495690017678529847374737541198403219621336583284708803895571701360143112288099397149513645914646592012571816709186921327153433043513426753063797959296584763167591170292762536581839316354264683868743277311253158439223952885769483510129331375564557924502106443836229367/2000000000000000000000000000000000000000000000000000000000000000000000000000000000000000000000000000000000000000000000000000000000000000000000000000000000000000000000000000000000000000000000000000000000000000000000000000000000000000000000000000000000000000000000000000000000000000000000000000000000000000000000
-2029559187413546900829412851546883341384690135949864673967548831472407050333648895615817579873926068422849031173176807051972344472484174878030896620831646618689417334513098703396318762550778157982027307799759711668506989637460688212681367679538802819963157485354331477387334954815458335882802157869920203704123/5000000000000000000000000000000000000000000000000000000000000000000000000000000000000000000000000000000000000000000000000000000000000000000000000000000000000000000000000000000000000000000000000000000000000000000000000000000000000000000000000000000000000000000000000000000000000000000000000000000000000000000000 1441486280853181045488888415138193267652153503358848108329613317423469355866562910096957295543209939628313709314880020822086068870412556931886481683544610224748477445566021617115114239171432632135971447050809978421985173770199946873688980598694985657594395871834699599066502101586184141270641805443702169172829/10000000000000000000000000000000000000000000000000000000000000000000000000000000000000000000000000000000000000000000000000000000000000000000000000000000000000000000000000000000000000000000000000000000000000000000000000000000000000000000000000000000000000000000000000000000000000000000000000000000000000000000000
2380243105144668135837213805494201883730362114112576244613197292116482816385641209519780069003806162379740806594012516986672439587666179243604907935946530631148235093205230864967733052019598770936378452359482739482163184100898659075854725978101657197321491375435283872879768682003832969199405000638762649397317/10000000000000000000000000000000000000000000000000000000000000000000000000000000000000000000000000000000000000000000000000000000000000000000000000000000000000000000000000000000000000000000000000000000000000000000000000000000000000000000000000000000000000000000000000000000000000000000000000000000000000000000000 -2421920210443233364978528352873674660732275817384401368557395394014100521183650033438902551695998688472488625641999215493181310784483500062934903131726115276534531695134283116331484965610317855985015030090335036189240175188267755740456204398541283281423199615885308732506770184666357501088248573840766768921011/2500000000000000000000000000000000000000000000000000000000000000000000000000000000000000000000000000000000000000000000000000000000000000000000000000000000000000000000000000000000000000000000000000000000000000000000000000000000000000000000000000000000000000000000000000000000000000000000000000000000000000000000
5317255973066339138101579532485252986120150299023491144801064042925323013142745482347060326031520596216829737999226949578490343934692806400594512838581032114606971766844505022413971535286071646480062100519561669771229836922356546949689927131159663540460591242277734604391139479520947483736425678609048074911621/10000000000000000000000000000000000000000000000000000000000000000000000000000000000000000000000000000000000000000000000000000000000000000000000000000000000000000000000000000000000000000000000000000000000000000000000000000000000000000000000000000000000000000000000000000000000000000000000000000000000000000000000 -703193129061942431241971561955570598531194079366216206282438221685771269752925584633971920583091049394349014098491272402076196380358680550840184164718061568128578872345453162105596550465880692924388752769523049200383442813709956362070768331582214564183170417608497129670810878646554302999260559702218686570641/12500000000000000000000000000000000000000000000000000000000000000000000000000000000000000000000000000000000000000000000000000000000000000000000000000000000000000000000000000000000000000000000000000000000000000000000000000000000000000000000000000000000000000000000000000000000000000000000000000000000000000000000
999108065803618563412272745732791197277157538636611982247606293122376669627327053383901813215176843059210118832067719121330700267586371540785218137274864700691983656225606018687361524545299480924206273691984397765923633644599768452688648847891541575876695693736957158143567263750071572014261389258337106504917/2500000000000000000000000000000000000000000000000000000000000000000000000000000000000000000000000000000000000000000000000000000000000000000000000000000000000000000000000000000000000000000000000000000000000000000000000000000000000000000000000000000000000000000000000000000000000000000000000000000000000000000000 -3527279509713129093017106802357154024079636998481653771189803797598087725037634743105722518085433642008844196040832132142746046140153883392183478087602788115825097823110943207348314117328156898121870693313815005753550933681875917096076638408917151359732381911519811186984744194144389692080779978691220046656787/10000000000000000000000000000000000000000000000000000000000000000000000000000000000000000000000000000000000000000000000000000000000000000000000000000000000000000000000000000000000000000000000000000000000000000000000000000000000000000000000000000000000000000000000000000000000000000000000000000000000000000000000
-882030549664691619991911026889766852483987915693877022848670102708590815326075707554010921172448141130171371101943109095960628260018186308048940866807106050939433493911326539083645225364372384042394001849455485054054748151727399421640531080116852869667237869610862721018480995699849565376098851323549678071359/1000000000000000000000000000000000000000000000000000000000000000000000000000000000000000000000000000000000000000000000000000000000000000000000000000000000000000000000000000000000000000000000000000000000000000000000000000000000000000000000000000000000000000000000000000000000000000000000000000000000000000000000 -2339627927448914769958129970044012126650282099541983911385141865609949602780670525068532109305026740224434731059991466913808926067035623776263515321422413604629996712914797809857136326037732227555034531782054057323050074325990005886841756274235178688308830538143436461965607518295686661669823607739193860070589/5000000000000000000000000000000000000000000000000000000000000000000000000000000000000000000000000000000000000000000000000000000000000000000000000000000000000000000000000000000000000000000000000000000000000000000000000000000000000000000000000000000000000000000000000000000000000000000000000000000000000000000000

4
6372643394581858342593482552484379009110080927018458599559575078516870864561108948885708394363043633506092633114117241965870695506528069431991134249884720428541870102677814956555808026551836643614826031641476297135293692610832453430737500535182055257259327871697867614176704590801743290872301620790121428889703/100000000000000000000000000000000000000000000000000000000000000000000000000000000000000000000000000000000000000000000000000000000000000000000000000000000000000000000000000000000000000000000000000000000000000000000000000000000000000000000000000000000000000000000000000000000000000000000000000000000000000000000000 -2986760489803941784153589347236330964856812180899222604226692305051271274396043912430449577056310645983447990222654157317196233169901712584018700811164629026644735963913411187666498353367815884264182536193201568378115261578308119917951909134365307123479191338807996306368295898177679811170376308230602011575961/10000000000000000000000000000000000000000000000000000000000000000000000000000000000000000000000000000000000000000000000000000000000000000000000000000000000000000000000000000000000000000000000000000000000000000000000000000000000000000000000000000000000000000000000000000000000000000000000000000000000000000000000
-1047196391734065718483564121670705031445460881563218788066568935089734671212070634236141634217014262902136250262554294798825548776878259776355895155525821263118927931460527045038985277402489947923343462726132109980310896378046969120087692573868278421001777385649032719110119994317043083855075591023882597412073/2500000000000000000000000000000000000000000000000000000000000000000000000000000000000000000000000000000000000000000000000000000000000000000000000000000000000000000000000000000000000000000000000000000000000000000000000000000000000000000000000000000000000000000000000000000000000000000000000000000000000000000000 -1378555474985123564212929869374615493967709257952336113164276839789581964033601456683419511198968633673768605124435933083587032017868316993341561986320177708362589345107703196708610463104047862888613322583774776712415954731877596801348747671041074727749757290352857985292112069153679975097974446943297030304969/10000000000000000000000000000000000000000000000000000000000000000000000000000000000000000000000000000000000000000000000000000000000000000000000000000000000000000000000000000000000000000000000000000000000000000000000000000000000000000000000000000000000000000000000000000000000000000000000000000000000000000000000
2598726939408219767514577680009121336436360570104008107267105743065587563787051802415088517603806669400509977712420257205452330942336345810999256826649299060441321157907866453279553540223034019609326916423546640685137468094479171536240212913892377127861430547345645684656929084265531720802214853939512206869043/5000000000000000000000000000000000000000000000000000000000000000000000000000000000000000000000000000000000000000000000000000000000000000000000000000000000000000000000000000000000000000000000000000000000000000000000000000000000000000000000000000000000000000000000000000000000000000000000000000000000000000000000 1477906464614808190716872550203957058154430164378687465093272098423327828021047311160896399823089285800572482002001231853286651689943686155286097419980071821166300961535395905595327542479161087782746132283141400029728598092254593324388674161996462996339997700492707526089380405893392999221723263596118095626837/10000000000000000000000000000000000000000000000000000000000000000000000000000000000000000000000000000000000000000000000000000000000000000000000000000000000000000000000000000000000000000000000000000000000000000000000000000000000000000000000000000000000000000000000000000000000000000000000000000000000000000000000
-5949948590573403909277448749965209016210469187165492171146741844744811100699948767245615137883554324639382577943111334817475248733081127941541536453864607075136577016284461720484145718637261273559018437364574668472691738824453516499491230799829606215774402480636895758434739899162945644744827883306178357515349/10000000000000000000000000000000000000000000000000000000000000000000000000000000000000000000000000000000000000000000000000000000000000000000000000000000000000000000000000000000000000000000000000000000000000000000000000000000000000000000000000000000000000000000000000000000000000000000000000000000000000000000000 -1287166815507541502840493095248075403894080367987020511420203512523929660690696107964918926355712058643350083358377638463170391803273180493760262893152609299447917364501716662734350808606684146479041212208295358753021287660199976662671496399607001022358793400455989682920336850391927877407121809637033561247049/5000000000000000000000000000000000000000000000000000000000000000000000000000000000000000000000000000000000000000000000000000000000000000000000000000000000000000000000000000000000000000000000000000000000000000000000000000000000000000000000000000000000000000000000000000000000000000000000000000000000000000000000

