6 1 -1

-2.6792853064338649343133353184790085110704240820330929642152 -1.3928255068617142799937742438649369578407267169599314753847
-1.8971704075880504720403654587393952198376869924195269505261 -3.3007681767259354842411248834304542802110966695212648293110e-1
-4.0348937178149931510071995372950871948965740609641945016993e-1 2.2379843435231387678665026828789963746578218316361313814202
-5.9423104443497396372393304985618207933957711848944050129927e-1 3.9795320224408017257952182064611566422526299358112695935743

4.3264041193493048465447907323577842369872339924373877912348e-3 -1.5279735303758747751392134310263431647529052182332465898394e-1
-1.2686545846336476487968749353919027717654886143642125798668 2.6523945537170211299568921201991398743725100122099352602422e-1
1.2602519155604108624943516448639008629761229231616292923489e-1 1.7913784039815216743754967366094706085148719084516732012150e-1
-5.1982018583324644369069358689089349840875787567915429346260e-1 5.0136399226204715722492885272933856148626791423630554148977e-1

-1.4298069824449015539914711745919409435352140445311539057597e-1 1.0853133941346697544968492332051144286607678838170370964541e-1
-1.3339939605167190870387538115006757990230778772920992693400 3.2395792349207669615510935119042105210519152025008146977257e-1
3.2995408207035736448525590392018262621334295581449387285228e-1 2.4948426745382672530999509248171575164522645323065092721121e-1
-1.6862010595665579547302041044592897327467235456296396672223e-1 5.3725091263571689479853086388183541704765546660590162816335e-1

1.2465311926487691700173794425644553568427624788298997975423e-1 2.4318825970459963397217658200874237411237849215009378707297e-1
-1.2723416729918094461763869219967304359513461012020451903494 3.8637760921497914510634717574374897182791420075726574123866e-1
3.9053582786925188531316272716732539336172669327085970109254e-1 4.2734081812073548466840114526071620579514057796247558582613e-2
-1.4934520975357003094012326958367649597942881404416656715748e-1 1.8520413141215650178787117178240077237462253227461949961938e-1

1.5550922622388425711624884044466517364338595525711690196772 -4.2193346718445374160891019284242575298701182044064429708751e-1
-8.1317160667219801900805560878434244045141913009944488857446e-1 3.3575193962800595931260383566836769054126380374388740947789e-1
-2.6521561509422952687434234190198237590632532210975590299563e-1 -8.8291995646435869984117189202596923592372913589622422063983e-1
-1.5399981659160027923376071468233212638331517355199378399204 -1.0446128142220180066791660129518416438854958849358001679711

5.9389009490867506410275795918071518094575967823895344315090e-1 3.3054961794024620608606898774090110426275042205540979776707e-1
-1.1503232901592164715900117317346785778570454725524643309123 4.5454923507456199225172630355091936464425381264418392588617e-1
3.9154995486735619422153712385170130320084994117215425686807e-1 -3.0049192863851450001330005895495471431112313412638285540832e-1
-2.7597035618209106282097290282730359372881418904032175076477e-1 -3.6203064970708795973728897444774937325075285464585034991442e-1


1 4
2.380243105144668135837213805494201883730362114112576244613197292116482816385641209519780069003806162379740806594012516986672439587666179243604907935946530631148235093205230864967733052019598770936378452359482739482163184100898659075854725978101657197321491375435283872879768682003832969199405000638762649397317e-1 -9.687680841772933459914113411494698642929103269537605474229581576056402084734600133755610206783994753889954502567996861972725243137934000251739612526904461106138126780537132465325939862441271423940060120361340144756960700753071022961824817594165133125692798463541234930027080738665430004352994295363067075684044e-1
5.317255973066339138101579532485252986120150299023491144801064042925323013142745482347060326031520596216829737999226949578490343934692806400594512838581032114606971766844505022413971535286071646480062100519561669771229836922356546949689927131159663540460591242277734604391139479520947483736425678609048074911621e-1 -5.625545032495539449935772495644564788249552634929729650259505773486170158023404677071775364664728395154792112787930179216609571042869444406721473317744492545028630978763625296844772403727045543395110022156184393603067542509679650896566146652657716513465363340867977037366487029172434423994084477617749492565128e-2
3.996432263214474253649090982931164789108630154546447928990425172489506678509308213535607252860707372236840475328270876485322801070345486163140872549099458802767934624902424074749446098181197923696825094767937591063694534578399073810754595391566166303506782774947828632574269055000286288057045557033348426019668e-1 -3.527279509713129093017106802357154024079636998481653771189803797598087725037634743105722518085433642008844196040832132142746046140153883392183478087602788115825097823110943207348314117328156898121870693313815005753550933681875917096076638408917151359732381911519811186984744194144389692080779978691220046656787e-1
-8.820305496646916199919110268897668524839879156938770228486701027085908153260757075540109211724481411301713711019431090959606282600181863080489408668071060509394334939113265390836452253643723840423940018494554850540547481517273994216405310801168528696672378696108627210184809956998495653760988513235496780713590e-1 -4.679255854897829539916259940088024253300564199083967822770283731219899205561341050137064218610053480448869462119982933827617852134071247552527030642844827209259993425829595619714272652075464455110069063564108114646100148651980011773683512548470357376617661076286872923931215036591373323339647215478387720141178e-1


1 4
6.372643394581858342593482552484379009110080927018458599559575078516870864561108948885708394363043633506092633114117241965870695506528069431991134249884720428541870102677814956555808026551836643614826031641476297135293692610832453430737500535182055257259327871697867614176704590801743290872301620790121428889703e-2 -2.986760489803941784153589347236330964856812180899222604226692305051271274396043912430449577056310645983447990222654157317196233169901712584018700811164629026644735963913411187666498353367815884264182536193201568378115261578308119917951909134365307123479191338807996306368295898177679811170376308230602011575961e-1
-4.188785566936262873934256486682820125781843526252875152266275740358938684848282536944566536868057051608545001050217179195302195107513039105423580622103285052475711725842108180155941109609959791693373850904528439921243585512187876480350770295473113684007109542596130876440479977268172335420302364095530389648292e-1 -1.378555474985123564212929869374615493967709257952336113164276839789581964033601456683419511198968633673768605124435933083587032017868316993341561986320177708362589345107703196708610463104047862888613322583774776712415954731877596801348747671041074727749757290352857985292112069153679975097974446943297030304969e-1
5.197453878816439535029155360018242672872721140208016214534211486131175127574103604830177035207613338801019955424840514410904661884672691621998513653298598120882642315815732906559107080446068039218653832847093281370274936188958343072480425827784754255722861094691291369313858168531063441604429707879024413738086e-1 1.477906464614808190716872550203957058154430164378687465093272098423327828021047311160896399823089285800572482002001231853286651689943686155286097419980071821166300961535395905595327542479161087782746132283141400029728598092254593324388674161996462996339997700492707526089380405893392999221723263596118095626837e-1
-5.949948590573403909277448749965209016210469187165492171146741844744811100699948767245615137883554324639382577943111334817475248733081127941541536453864607075136577016284461720484145718637261273559018437364574668472691738824453516499491230799829606215774402480636895758434739899162945644744827883306178357515349e-1 -2.574333631015083005680986190496150807788160735974041022840407025047859321381392215929837852711424117286700166716755276926340783606546360987520525786305218598895834729003433325468701617213368292958082424416590717506042575320399953325342992799214002044717586800911979365840673700783855754814243619274067122494098e-1


