input_surf_sphere
4 1

4
0.0000000000000000000000000000000000000000000000000000000000000000000000000000000000000000000000000000000000000000000000000000000000000000000000000000000000000000000000000000000000000000000000000000000000000000000000000000000000000000000000000000000000000000000000000000000000000000000000000000000000000000000000e0 0.0000000000000000000000000000000000000000000000000000000000000000000000000000000000000000000000000000000000000000000000000000000000000000000000000000000000000000000000000000000000000000000000000000000000000000000000000000000000000000000000000000000000000000000000000000000000000000000000000000000000000000000000e0
-0.3504096661391691714255095507932551810897837518076991753691637478893713367547337531558812968210956933146973692858824068466751189439853864538665283381690682114474903096238733503690904927977283383783791205622683712200958213923801579732431064650176266164426716226214632330214807445316711614179944691774691004417558e0 -0.0000000000000000000000000000000000000000000000000000000000000000000000000000000000000000000000000000000000000000000000000000000000000000000000000000000000000000000000000000000000000000000000000000000000000000000000000000000000000000000000000000000000000000000000000000000000000000000000000000000000000000000000e0
0.7380403222391357216623546255912487551656345658407952468930701476444020990323819711551829796329110582796169850521330520791281944454754767887425576352976295110829823682963466114402423605115541546871373936827316033154980662775248160855638297487622075730027621796745864989393572233436174692895937105327684871552543e0 -0.0000000000000000000000000000000000000000000000000000000000000000000000000000000000000000000000000000000000000000000000000000000000000000000000000000000000000000000000000000000000000000000000000000000000000000000000000000000000000000000000000000000000000000000000000000000000000000000000000000000000000000000000e0
0.5766364093823669613177766735474323476350058321340422950649774918322664450479415871843686791667789197018950556487305304669219519115913250774822284750770209375846971372582066400187845677010685038764650591684415788160336039884169727063230162450190084287771271048119943013653770133702625484161210094454142692554976e0 -0.0000000000000000000000000000000000000000000000000000000000000000000000000000000000000000000000000000000000000000000000000000000000000000000000000000000000000000000000000000000000000000000000000000000000000000000000000000000000000000000000000000000000000000000000000000000000000000000000000000000000000000000000e0


1

4
-0.2553514451327739202450397710310591702893134680228012141095126835790866668444258968866502195777069718814281467249177061622879832469289137635074002262430097366826049782024204115619138457127894967374227071704212671801119894029656218605991972154386176493958474669728399730140158119458310310585275505831358955816983e0 -0.4875682284612165128024193404611307014835243632192205512606498451827915916840949365747237912377106330831408096105580402092967625890795352759039922531506150185048777735624400863946408530986624996357145548075258666113260118063801423447956595332498238568300253281762413600470801390649330215792374783078498941568849e0
-0.3638098446242379185514725626156308026124106934530887120210537867436260204190435722860279667981756678415542707124470718949583691341790647500848203829277507481358923008080721124259616876125658164471088368196075550587328476418513927823690465155568174294988354127288903351614355715420583856643633266292556881505508e0 0.4369440684180557219652618122484763612239789435888653330497722502968513663925320026023573851177683846049919638095829683812421648530360870299390512210993911696166932795600626247962283309735269984036993669212471199505303176880307119876069190394508035199798735363541946770082295460396829794035795113834265314821212e0
-0.3698285067984344383958876698250275362281990006246362390693997882592140646148224817259273453266258238988365157884690673756711207735432517710589027132827326472264693977950910788589315783246449860884571293123518370867673975458019089779863541195743744133124208755000202835518485560981008600884520004074956572843928e0 -0.3655216667288978918394217272651162721091219687060833082641130366484178630896797478386600908972149045150324808186598566983221479549972922742514468734307588825906504142967963763304028314331571799630308096062019822101499893371140263005402668214438390591209579963533304864379305065524663699386166168622517628124086e0
-0.2633292323808595042956744461015956711364730748621857362473527713756379222231955987480212807942368950010148709178436002392365823536698309589454109626262169471861613672264219242843705687838052362812552088050161772180772363428457496846931769005878812261097071791092787488460270568232439115504530419385332070746552e0 0.1845904715234141254513154337288286179850478041584655919204136494371674616226372945523310030740693596481366215789409203045245314408876180329300792287386762251705593932898827341319513578835985159565964466361501226523559832194595553768143243094085283221087052823298197567446396378973017696715296972219511896355984e0



0.2199999999999999903115693866695323777094017714262008666992187500000000000000000000000000000000000000000000000000000000000000000000000000000000000000000000000000000000000000000000000000000000000000000000000000000000000000000000000000000000000000000000000000000000000000000000000000000000000000000000000000000000e1 0.0000000000000000000000000000000000000000000000000000000000000000000000000000000000000000000000000000000000000000000000000000000000000000000000000000000000000000000000000000000000000000000000000000000000000000000000000000000000000000000000000000000000000000000000000000000000000000000000000000000000000000000000e0
3
0.0000000000000000000000000000000000000000000000000000000000000000000000000000000000000000000000000000000000000000000000000000000000000000000000000000000000000000000000000000000000000000000000000000000000000000000000000000000000000000000000000000000000000000000000000000000000000000000000000000000000000000000000e0 0.0000000000000000000000000000000000000000000000000000000000000000000000000000000000000000000000000000000000000000000000000000000000000000000000000000000000000000000000000000000000000000000000000000000000000000000000000000000000000000000000000000000000000000000000000000000000000000000000000000000000000000000000e0
0.0000000000000000000000000000000000000000000000000000000000000000000000000000000000000000000000000000000000000000000000000000000000000000000000000000000000000000000000000000000000000000000000000000000000000000000000000000000000000000000000000000000000000000000000000000000000000000000000000000000000000000000000e0 0.0000000000000000000000000000000000000000000000000000000000000000000000000000000000000000000000000000000000000000000000000000000000000000000000000000000000000000000000000000000000000000000000000000000000000000000000000000000000000000000000000000000000000000000000000000000000000000000000000000000000000000000000e0
0.0000000000000000000000000000000000000000000000000000000000000000000000000000000000000000000000000000000000000000000000000000000000000000000000000000000000000000000000000000000000000000000000000000000000000000000000000000000000000000000000000000000000000000000000000000000000000000000000000000000000000000000000e0 0.0000000000000000000000000000000000000000000000000000000000000000000000000000000000000000000000000000000000000000000000000000000000000000000000000000000000000000000000000000000000000000000000000000000000000000000000000000000000000000000000000000000000000000000000000000000000000000000000000000000000000000000000e0


2
-0.999999999999999788472e0 0.000000000000000000000e0
0.999999999999999961999e0 0.000000000000000000000e0
