3 1 -1

1.714822479573584845840505213590033402207437002238515003087887316129031023034397322448925e-1 -2.767682897963429479419432963757333499600129103894765579692867499816410545539620243528674e-1
3.310697741760966168116135279064265990340984101920584230856759279416380743323958687519623e-1 -8.135897743368223470530945188248503506028590305926361062177074678070248504064164114913625e-1
1.257820148976174338901431523943815120053349613093732612092011829888131360371470287253657 4.877487364781795602903497924638511210362280788820889029011121944842592700608863703113999e-1
6.465353394772463810250989578240955051070005262483390624779254684668843624528935252218633e-1 -1.864025680625398613882095217315657385932969818798418720342556830705952323030618206108692

1.410880224652545443252626397686492696058679596352238176221610112773672430312651583945541e-1 -2.899819773250249976891522148548147965105226446331935826579189555670822227917274236230420e-1
-9.358279625267914553591356516910971956498912458453951249103138097748178567565217107522056e-1 -2.614698572241908983667105287321724147100658715918010966754965327647840259758152958026860e-1
1.927308747307839561630909687617271921229771086626940839513020624380615232082442997288644 -6.079504994121040289838075938824351457834875523226915808954452862577550356022854364253164e-1
1.027464089815633044150616519806653450395547416868625455378387125484093192201645722509495e-1 -1.530121793571263222667639823625151974186711635904331451776064306066535127898563343974473

1.448239266644443076695746278308008666849262925514328008537837032834096150377321193668872e-1 -2.490167494424897311863663582169856628964207187968796265490226137536657957544354415117068e-1
4.205161994217263043290882058914032836853550277284126549811274954204206782250915513268026e-1 7.885249663667433592237861097339730242159311634265666893632647762659309756873418287545577e-1
3.353824455708427666336198279227854900696509194926420691729773116399808747530589766440323e-1 -6.835276480964134756474107767902123169326461146802437683960746923536879329091965512770278e-1
7.904344383788069285313622300055062477722365043859736529411722786516334568000267544374384e-1 -1.137214601729293590561489141837327204861800395027046056729693465012097826933053045626623


1 4
3.052054794224066762097972596993173099853622063185720591368075532096205665889685814167330067186931805613274345024434616518243260690103380668437707835896470540384756627795909399162803427542520479691776586064506211252137929787585989363989340004653076182660900741154542188592540160115603177742207248974429396912611e-1 3.135848023871421551386844623390153198163536985592670511569693226463094705567921205382761001061387502031775716619446593061030551135680384978384555678886736682534102412621402882362788869702749639945321404913147968867476006710207064508516457353746020456160984630678675197925992948285530296790506506721430918330618e-1
-7.930557124765482707950852970718782522292639081042001726576358017928656549470058653058772297597622451557480358512190858881667607829740823186048669199983193516932893870782794833312132030130806628844355809294416740458233541737885666493682429117534122146961414846205682432847366339516932260846048443548000547885772e-2 7.846929775206630620670678967980025608452700846823688737691901177531073484080332394687891376133436437289847123711758382278075780261473034168542795956080285379795771822451333404938851723410110048504828369940094081068703093027437730204753852219457633767789584957685013308661819208743359178694500610903351321807422e-1
-3.122206663437986240074156783454129955484908662066823161759262899110564588068784603120874341060413289503153428695194548818264610961808040390770198517400283916176879879087367822762294636235966489701159828055696984224230832490306130016469252093836940839414328913429707142196327712654032783517260731214291101336992e-1 6.791349630664178576355647593026538447981675472256884264904913785455699332746844053540501993809916314233141512127342749846902227645140066592680872797636866176618960895496606597137481241378760824354087212320423428620224424664195344355031469741515946967639462364963961896683452102022386433841441179096343256921994e-1
4.721981422879797045142450487898607140899439873001676311906190851524616757491718748177574331461846863054765482975748782817377630265066944017463208502308361470456541853137274737954654254950622765098000395653514495773537498161413920086506772215933173267168807178306747044427540254919814378311353622050350290488913e-1 -1.784408233202124678379219905940719395896970084795489887432028285559250476234117206890126923991169256576542672537657220760656888617258239786569219936894329658482776865234730648888983536949515971149101670240653050739209555637810514983997413875362572133832932492251504202424299876592497549019821530682620262159422e-1


1 4
-2.361218503811459269335926379628325137703453285261074698050372325891560676176332298213152215158644671328100934835570279795454733100003459329365562302527836345552628513429131357191151607866755045670723836360312639690557646802666140758901463962885150929059735537328608836772986706076365279652247948498229466639898e-1 -3.804638995448219515277730615653943821304017166389147442724186304852157489049178941305732946721302219264745066779750830101401547095154973117144063536636182125768048704973801301817338267421948255082848575474012766238409681964178790809708771015802278372101473509810139206363987236710406894738168820165518748257687e-1
4.235698739535829051322835886363699274660892812234115171607600733699965449381027547346211367386992070959266492700496721541234434962460933345443577876696936079610922144066948636390131676364314126903302538688642196167202270667595376827475018325744808621539112875170313798984881173561648060982450791973215571197541e-1 -4.157881385488949176853911701136243103107631142197397850113866556673013732306391883346604954831157293957749002107113437785690340172546044893845393451985208254314631782455987645321883555807756373056929720995166539331690006818494953409566153006317756357439612096978046497263830115787322761870273791291289960486801e-1
5.802486248715650414030429274609945971425327171035104591387033121929877661372070266159998885881968636907813525801941746392878516599499647786272986712902046998733154808731793557120594129296061776293387335238289758798017675478759971008907180596086551238056439813957273237252681003996399398397685643476242461490867e-1 4.086243179942741231153745175470529390317590931993834429702745353027585265851869937270482780281644582709243346092060951307475622762927175681231606413290733333813699901684470091598826799671602109076570747621831458088946726635045852390147465660679356905822634797494626144954663247899486863721131613325514757611936e-2
3.454040469435639617527496942527542289145501765782437569139104450125615934658518084689586231292867111724539663653245626651257349960969346488134743623013614750668917406684810288152971322088066278115519852027979987980689503483064583499352934910161252730047375249516647336590208302015108830277950544800145611760550e-2 3.281024749714138309463721590589566809474813822899780227364386795130950108639981053959186994123447495835387643227381509495583384167284341343936300746223588620591489961155090476498282736329885243094709039545225693499264084154389809948798977959765652864258845343881734097839278374042007059096178003261890731060871e-1


