22 -1 -1

4.4801960398008645237473335754451507395366762337732674007882e-2 -1.3523534053470520919239295309603744948189392433276807890212e-1
-1.1667018457943744413937543789377781561696509008395600427341 -4.9400932655586578036191064021962606534538848383786652516138e-1
-8.5519155528896809859156619464792739230021000647520821565172e-1 -1.0512729821207227326052110706351631712323519869725041804561
-1.4829671368832725573043006586538208638797269071704409141078 9.2015110422420295554073587209375058477228396983796091540962e-2

3.4215520512663696356559132306999456647010077363768324395363e-1 4.5379833031674050584506883991985621605748818239138526769389e-1
-1.1008754162517101567290792532945196153182310686647425995964 -7.6800148555329308543040762340844148617147915791974678814835e-1
3.5206886009459958480352922128040012724231779821773765960524 -2.1317592606067980821890474637151697592835929514650703629910
2.2316842871164741595336051875832547378597286620834330165278 -1.2806340386081163799539107579038250451023397443061074415778

5.9432340373433622763222863683797105310159773380867460097767e-2 -1.1027976617855757501706306629998659436774628212026764045086e-1
-9.7496454221801848338743071614422217845604746490465732948656e-1 -7.2190234378952388005979436631841072464108912467376313652403e-1
9.4407448572077172254025671117192485613370829207768328485286e-1 -9.6811283790058123238924166865399976243020623018537313700370e-2
2.2236845959146018543000042318009704686892563111918714414897e-3 8.4143691637425976409385564624843926490470068131256096782440e-1

-6.4533737733572241805868123478444168370284775056650543373392e-2 -8.6490071540776329180301950547064329265985647591802027929145e-3
-1.1724503443491038521359582231830487571305678870354551551053 -5.5691923945486708061797625677063277000234910340984288354103e-1
7.9860181857332113147907000658512130953311421049211539037172e-2 -6.8393293280115549815021808349872317965796822620256219684664e-1
-5.9387308610316961935274752576784542263533204698655650616329e-1 3.7453797400109129129892637339491932961312016916740280624779e-1

8.4112963026359794411100148267935906002514477563294942805863e-1 4.5996758349007831057302338473490168598511262621672236017963
-6.6035649711169188955769831588237792188007304349111787678517e-1 2.3916616974221814501983019649528797727244319857747655142936
9.0649858396575882735337112074851054900374073052020618475051e-1 2.2164343380605524845198582544529575767114629090818309138720
1.9221439617136193175315194719329190098283156714442060505078 -1.3068478928839856152657639797230913911662865601456884934086e-1

1.6352046879479958827443604440155206233033324898706942290956 8.7029529909729540993945569794393338432997997306471380792850e-1
7.3781685941982137585885296793609137760069482702434615294246e-3 2.1711310168122269556295939241757918121700039281331757601518e-2
1.3639807361016021040893591367437084015802892323842163255982 4.9729724006609882235179334913168986111175316704603727882910e-1
9.6670687464822101203149439070766164186227818580226738584239e-3 2.4396399603954702680897083363566682307579659438189612664353e-2

-8.6007169816885274104303674901843272895299250942278680427253e-2 1.8002563689672939677985867045693771059782749463305112536126
-1.2908408081185037219793500608381871301273776346519496372783 6.2677184774996267534375284822339057132620043542072344090199e-1
-1.2690148884098309072422110374558990659089050710837012391453e-1 -1.0496195551658962743215332309158911826788773445517504194709e-2
1.5373297418115126853421927266762615316684448595362888352098e-1 -1.3387879105980501749003967629285387940562372086697260724468e-2

1.6306745633867853428901899685891671873448797688564090646692 8.1210126504144143418302494504090815124790305582635008634567e-1
-4.9174527948739155930696771297327900226176766765771189514396e-3 -2.0279703889233843006404018963261909422348036448727851693390e-2
1.3789625826747505035195634249293206197435925403640228774379 3.8827328108728420964316225112986542890147746026527855824737e-1
-5.4000697381002110362052964801713506795143390582829754737013e-3 -3.2147017526742405895992188782835823329376119886325240144033e-2

-5.0198259726870403558681836425089005582863143531074578384138e-2 1.3330173045491187812144457757790842141151529291465362938604e-1
-1.0775975428460537450447725681568207882037338508337637466729 -5.7154061791917152001332347939637121547148011055040489353116e-1
8.7753009300264493861709478784177856492561978916062662820193e-1 -1.3060683062004205623281852757451029918368729760032940127437e-1
1.2650906123432919837156505866309502415027569346359495343618e-1 7.4065775908543191441487864296559558866938925983645299864619e-1

6.8227062242478680692327512707604568736837543467888063120196e-1 8.7609631420933738700581411288254844694115364043375418129605e-1
-6.2988386965921731354692184441184578372858657578076810861294e-1 8.7502082743059961855680718351531942413215428330871194850006e-2
2.2880910101741760666589460231884239657548932108201925240472e-1 4.3459837965304036285393326423274791850547920594317809284753e-1
-4.1647843073498280716750370353650074263135561819503415471338e-1 4.5234782618551303208888702742984019816611598151755006782820e-1

-3.9155536408382601783784641975728731554692885096899229437923e-1 -1.4987888672564886524185954153422831554962266812881547842816e-1
-9.5164768052208044982589079917709000530326768667114731653054e-1 -5.4891378949576451591850288770263559097720028953643389432566e-1
-3.5906564232287741903841504990525629933101729362532509799202e-1 2.1458118014760610981265129335094418561607725928366974144366
-8.3273730883611817279042306020667212710305041391945410516293e-1 2.9329643326345130886035812164785596727316957705991326183849

5.7577935934683177378401992509483221028216603454789282287157e-2 -1.4144277611624183147078289533131972090178797769005890407661e-4
-1.0929878886733259303413212510003638354542292018509435428978 -5.4529625791182869548014514638325744906678159486326029018690e-1
1.3100037713848594137826511534622070047243131683047285852631e-1 -6.6862102390567313612268442143588521520713688066984095848090e-1
-6.1188234084648925823334331859871486812651817599994416574419e-1 3.2142807984517868539973725197423128076127275252469922180248e-1

-2.6002587021981637360302420855277590911475963426319775937637e-2 1.4983812264726272145421944018558343903011869762547468536480e-1
-1.2059497995371457367983040351788784458228690106192238650737 -3.0080746637581069576037052340618737501395295324997819740107e-1
-9.5718602515134116165312779559960231844121193933978259365337e-1 -7.8722500381740947206464085297692925569098988615248852559861e-1
-1.3854785067161063993469201126775538459044934566771680485872 1.9430815197504470567682945848890382544649137389244497862642e-1

3.3018944211370260511860865516019325215267807658457379817264e-1 1.2849173332006876652646722488151744888747628975658930532846
-9.6911634074676158806948336327999827011385161565068794173032e-1 3.1167932563151649623334079777919323342702750167494499060863e-1
1.1552534671516852046714934307411927330179549218383106514843e-1 -3.2146921245888811006101543519070449342790134410227036423509e-2
-1.2351408652156798889181970454038617797617142418489828174015e-1 3.1038583393157507865825568992130327983979439832201503217442e-2

2.4272506318439348498545288333669589852555406223037216741014e-1 1.4792078888482283921131891182755389712712002883333412362297e-1
-6.8412823687015579412144509678980145429654688070557110325525e-1 -3.2337314245401746523708476357110422605050817260962373269780e-1
-2.5232417272722612655351718683422501940078303378805877496214e-1 1.4645799068022375689194413825557592825380635688983386751266
-9.3522612386150690467374100272203391379759720013038384540974e-1 1.9014805550035837232274563124345374061349907402416593285095

1.7188363487857279483812341575962627877752465293053790821074 2.5302392224667855239564425741353442740410715347972110121823
-8.9570939856333240311750705071624659344693501955713343949266e-2 1.4297133440305310787352934690955591813109802098598820468874
-9.1239710752557955768589342045086050312472352069256248374535e-1 1.0922883605067776564859543909723420188971060819032138751636
-1.0682852663801281625685542895440515450464024112688414907248 -3.8786921643495678813666600405588917983188643614347381119106e-1

7.9119886906747164188585760825643470109432786493746463834441e-1 8.4903155127587057713560211563123022183886062296966603310971e-1
-7.0614085317187746781622672038192478796497456484880448819815e-1 6.9905784184265567223023974719250545575692650741970452299509e-2
1.5588087885342611360453785166465463570192823359871745152609e-1 -5.4600234463239010803417991579960854652635452120011984562057e-1
-5.5361126278000591609113686793079749370539764081128813389563e-1 -3.9054027262929674694559175732013233760009506737150682166741e-1

-6.5874427480122065322456315006968879736120207419894031570442e-1 -1.0779980626979190454764233449203094062481985043491285248937
-1.7114147638490726380588856324974625278848931471520451665921 -2.6092364692006411170720320595037994400481183511434060393280
8.3735995495068263403081361528306173019618986611701350609524 -3.9170614317344202734242256938253509251110541456382740085534
5.9588892420693109035687160400600670763842904952819136654562 -1.4713008300200414553955905754903466867135564590767305464135

1.7577581154850257314759225247983495995414629597372177974312 5.4380103982236263940642285802271146663128023285280083965145e-1
1.8497314381995897236794679692166169986338121474778263061434e-2 1.7853296700847221307997902341627375626468687339448138795331e-2
2.5311155442467802276954657973444252087819698647897233273280e-2 2.6458920719286222555498874208022763460400621380386971145706e-2
-1.3173298272864873761081390309178930742924518174329532197542 -2.4161009886001688213249843050539068973914499422737057446055e-1

1.7073926063980836837247417049667498175251500044022501901716 4.8794040158410877416872009270810336091367491775262048257554e-1
-1.4694805166952882596170275966196147405007205934539222913800e-2 -1.7780528434308908307648892286575699813323323277672736554135e-2
-1.6237066390765289152232629231672125765119988877631241642766e-2 -1.8269831026515817292273777133844945082309078959707971175206e-2
-1.3529987066763961958982255233939425371272083568158441188502 -2.2349314630668127591787607191648894747782812283588954334129e-1

1.4945564736835760959504686066451951699628059691127800461488 1.3590409733935558343872916229431786050175762105863694212863
-2.1603881641062311674522243579376953897585026983455950511137e-1 4.1871412979752282473708348483843792812822761218577990937288e-1
5.9347589818262807348427854148780973514546757297902765991926e-1 7.9218306614462748035749948490076977848471929778996010305001e-2
-3.0689051688500317078570304012074823890766541487865466762825e-1 -5.0000804244282690274429741777123693410239464080039610719457e-1

1.0977663671442233387796207367003493672205024026311334105574 -3.9258911520237827686523648642403910735243301418660165043169e-1
-2.6011633670473783992819429065040926819598324020000226091561e-1 -7.7908566909226380355320624911432175981984310392485747075202e-1
9.3835704757319497759562287791350873026586789676559407054977e-1 1.0354721632198543245091648762012151059210113605436641997004e-1
-6.8805615093667298176449907820528207342390175351528932408564e-1 6.3686790064426044832728174807718127741053214924506774705817e-1


1 4
-6.659321881696117460671732090826172750236036479828652609537175165669288805135657918908342562472480581384276950145180650247831854472410298621873237780076607145730362901293987082329298368109612900512529771349926191435461004397515373989590096992690962885833871309442535434319501188490724736097679115816042211118707e-1 -5.079204759413885941957532278576858627493957236378022392062586365141233411022884018176554896011848853063071057211535510781869717688426501543020692789984001982835648957085840960924559755483672142101981936820251989533590237620131827405968534313929586835425414138161590551549576584812379132165270768373990803717712e-1
8.889586357712407297520880699347667202213456710530369987838475184746184061450163937010880875209239862563334932013446039428584193446245308525698981015808155864706645863610630432724692026736102130132395954155898396049223550007383141991896944873044675678729293755451606765823184409457733558779927854676217405582038e-1 -6.291758850695993951001509418014848883106711850656506257468923467367923155653345439107029803519101627921765917022125953915036138444607698582003582184901372841838243236038290204797213307713902937385916164519369849927073661439992183186545220265027927205662768564117836791557249797019392196986991087528025933360882e-1
7.339628382060728650234171879416582631512060968164380925129905381905684325989349534471833451944304374894501972221695033634716157481171033551736811958932876485101308101421866430292620035593185548701481454182614829267138382326140101494041494159811743174291188138718942986145302425041398113840377562600803315062148e-1 7.752830101620796119835915817009576966945818521594763105243214909990475368209885885399478173598431699233511939939191387163377406609833286309445325599588691859004532661377486812540994956792351268320081211016661257760629440296068814000077374503734605183824993640947969084863495308368273003448010902746300932759626e-1
-8.011120357763223141223123908032686885841122840534896202627698189629216053936095976760901937749440249425512093898162825632504151505068073132570876107628941778216497422075390658087094503063783239273878632088941522132584904429983291779432807884652505003160665756845117425358503247855090544653598142852169454363227e-1 -7.728537107972992716982740780625554132473976151480414832613047505920553591080650296638023618110798033182693764469972374778020431738377546517575661223466170447217696289596481104109269547001851886635444544993750860035776477193883243960592333082909438855417356099050777811322785052848539925984690617496466630266858e-1


1 4
6.372643394581858342593482552484379009110080927018458599559575078516870864561108948885708394363043633506092633114117241965870695506528069431991134249884720428541870102677814956555808026551836643614826031641476297135293692610832453430737500535182055257259327871697867614176704590801743290872301620790121428889703e-2 -2.986760489803941784153589347236330964856812180899222604226692305051271274396043912430449577056310645983447990222654157317196233169901712584018700811164629026644735963913411187666498353367815884264182536193201568378115261578308119917951909134365307123479191338807996306368295898177679811170376308230602011575961e-1
-4.188785566936262873934256486682820125781843526252875152266275740358938684848282536944566536868057051608545001050217179195302195107513039105423580622103285052475711725842108180155941109609959791693373850904528439921243585512187876480350770295473113684007109542596130876440479977268172335420302364095530389648292e-1 -1.378555474985123564212929869374615493967709257952336113164276839789581964033601456683419511198968633673768605124435933083587032017868316993341561986320177708362589345107703196708610463104047862888613322583774776712415954731877596801348747671041074727749757290352857985292112069153679975097974446943297030304969e-1
5.197453878816439535029155360018242672872721140208016214534211486131175127574103604830177035207613338801019955424840514410904661884672691621998513653298598120882642315815732906559107080446068039218653832847093281370274936188958343072480425827784754255722861094691291369313858168531063441604429707879024413738086e-1 1.477906464614808190716872550203957058154430164378687465093272098423327828021047311160896399823089285800572482002001231853286651689943686155286097419980071821166300961535395905595327542479161087782746132283141400029728598092254593324388674161996462996339997700492707526089380405893392999221723263596118095626837e-1
-5.949948590573403909277448749965209016210469187165492171146741844744811100699948767245615137883554324639382577943111334817475248733081127941541536453864607075136577016284461720484145718637261273559018437364574668472691738824453516499491230799829606215774402480636895758434739899162945644744827883306178357515349e-1 -2.574333631015083005680986190496150807788160735974041022840407025047859321381392215929837852711424117286700166716755276926340783606546360987520525786305218598895834729003433325468701617213368292958082424416590717506042575320399953325342992799214002044717586800911979365840673700783855754814243619274067122494098e-1


