input
4 2

4
0.0000000000000000000000000000000000000000000000000000000000000000000000000000000000000000000000000000000000000000000000000000000000000000000000000000000000000000000000000000000000000000000000000000000000000000000000000000000000000000000000000000000000000000000000000000000000000000000000000000000000000000000000e0 0.0000000000000000000000000000000000000000000000000000000000000000000000000000000000000000000000000000000000000000000000000000000000000000000000000000000000000000000000000000000000000000000000000000000000000000000000000000000000000000000000000000000000000000000000000000000000000000000000000000000000000000000000e0
-0.5060254788781732233034205523523226626725948907623140502133390791623096429160455498208111243845668529567883476307929166296722596013600453465443034777729399185134183011205734608011149722034969146636375418853469870202373649336125548483330665755247282072935660122473384607971904649366864485837254381707410757850044e-1 -0.0000000000000000000000000000000000000000000000000000000000000000000000000000000000000000000000000000000000000000000000000000000000000000000000000000000000000000000000000000000000000000000000000000000000000000000000000000000000000000000000000000000000000000000000000000000000000000000000000000000000000000000000e0
-0.6696473081623819798124215842525307441199496860105630290219778092463904292960224373481918536356408960305055650076722774808932056079155938745302729861941661832605322805910978252002038593729645051597542717398489399845812386325155766860148663055533994205173714363932022464655633745212606210561694896363851338243446e0 -0.0000000000000000000000000000000000000000000000000000000000000000000000000000000000000000000000000000000000000000000000000000000000000000000000000000000000000000000000000000000000000000000000000000000000000000000000000000000000000000000000000000000000000000000000000000000000000000000000000000000000000000000000e0
-0.7409533486111908917053646299435719594839163529914362470053994677639394489620643074557164633187792954295164452393012202448616569668019465518983303126437763914381265705293557241858490904790513970952061919908351404861647350556636891662042066998915025550746226049261512833455009737067732845955612964301037541082679e0 -0.0000000000000000000000000000000000000000000000000000000000000000000000000000000000000000000000000000000000000000000000000000000000000000000000000000000000000000000000000000000000000000000000000000000000000000000000000000000000000000000000000000000000000000000000000000000000000000000000000000000000000000000000e0

4
0.0000000000000000000000000000000000000000000000000000000000000000000000000000000000000000000000000000000000000000000000000000000000000000000000000000000000000000000000000000000000000000000000000000000000000000000000000000000000000000000000000000000000000000000000000000000000000000000000000000000000000000000000e0 0.0000000000000000000000000000000000000000000000000000000000000000000000000000000000000000000000000000000000000000000000000000000000000000000000000000000000000000000000000000000000000000000000000000000000000000000000000000000000000000000000000000000000000000000000000000000000000000000000000000000000000000000000e0
-0.6136654111125747189447670909398888396005612282989614006039554869746216471773555330482277687805630316383995603549755809155900835923214121366590982659577518653832150140947294682168369036012158088705127562810323395790016135866612916933871580179431688924753759728451164688838884203761785635595063029744846147572945e0 -0.0000000000000000000000000000000000000000000000000000000000000000000000000000000000000000000000000000000000000000000000000000000000000000000000000000000000000000000000000000000000000000000000000000000000000000000000000000000000000000000000000000000000000000000000000000000000000000000000000000000000000000000000e0
-0.5644798291210090807266729559838168356583895674755128741454755773721283648109852435448153700873493098300361868570553415670614148853416464820353612998029702059594732793246265690970042972218852027861575423735997560344120551388441672414693038481557982015280338105215202276862010528729906346764003507840203373032510e0 -0.0000000000000000000000000000000000000000000000000000000000000000000000000000000000000000000000000000000000000000000000000000000000000000000000000000000000000000000000000000000000000000000000000000000000000000000000000000000000000000000000000000000000000000000000000000000000000000000000000000000000000000000000e0
0.5520663780013695465816818871653975441126813382695088573958018503801358332964544771332122788589972109894121730814010618743403328610453126606833402619948514443262861962651626925048418876889668386756727953114485269931218187900803784101565417408790714575816670175160424804222684962440541179530073550043472562377922e0 -0.0000000000000000000000000000000000000000000000000000000000000000000000000000000000000000000000000000000000000000000000000000000000000000000000000000000000000000000000000000000000000000000000000000000000000000000000000000000000000000000000000000000000000000000000000000000000000000000000000000000000000000000000e0


1

4
-0.1396581421433254436485343180898611577580118627533420347234645176297449530847447913946188931539284462228741434014584209073379743494957918969828333722510828253236719739754939976446641037001781392665517276864871388715856089585747610743004171145899994493348396951711811390576192341437706776602094704685784655698493e0 -0.2398552906779936422849843014943562070907160738898987829327728530657183319709191108254530395152527689556092006788264958425597657765669726543902863108544523610552420944644568415419255824904545982625121904851689877640716746952356650231001369874391099395576498534249227294953046400231088027670521415325020421291223e0
-0.4478598263763456849408319583561198826086344503700037596563284633965540340566888840722023077101659144735932356257615365507624287212085572897140057435378002413525191965972601495123971906617962249366154373528542516399286863409815381454816963847335408821418744555701355919302406809327750379039705510802623652085560e0 0.5330008687109095717828183069685708301992777783349510265040289522221070188804646756945849973053445027837707049158932573356193245189531274521651254832606918283793875571910496036485522481185728701933475117132010613967435772107685821480101494781247417862602807627211423950317235330780021933186764782338528748849403e-1
-0.2230276940605906459627462287991610911115982506633934964287532538497302487327983635998796673048631354825333028484252916471660214397745415358534992634960863025419163346044986498291364261945102034582073703692854358077984037912432818476558873618200762062782130630655516190281960898315344830849311167846677211490995e0 0.4184462562807231951560342033550994814680306924092336367670883330843084357092856333326345619437398735550098594415330409429056727263378296506954734922115332228016241868413881692836292907346405221363365262285527976433535396845887589347803275466400882040811663338374788524215434068197265261449520628079371807247187e0
0.6938307078428343066623935730661250538281446266060159810054018256693617178974579010356470929257809038084209026993479821379448881478233844144448916311343878908995547201853325092958426677265606098831954036297023663459018459581951639764282155624168838577419965596016202754349807985996814594234764217020818522793244e0 0.1153518385874622524718823508719765399768934148217194912433416767445433965017172030074913311281493433611956235015974828250365446464744206517841808169283544991634811037150261564357250964139129856375293855981175476980558393533969497398648884636421294698927636638636332636413332480877058722321488883078766877215684e0



0.2000000000000000189735380184963275951304240152239799499511718750000000000000000000000000000000000000000000000000000000000000000000000000000000000000000000000000000000000000000000000000000000000000000000000000000000000000000000000000000000000000000000000000000000000000000000000000000000000000000000000000000000e1 0.0000000000000000000000000000000000000000000000000000000000000000000000000000000000000000000000000000000000000000000000000000000000000000000000000000000000000000000000000000000000000000000000000000000000000000000000000000000000000000000000000000000000000000000000000000000000000000000000000000000000000000000000e0
3
0.0000000000000000000000000000000000000000000000000000000000000000000000000000000000000000000000000000000000000000000000000000000000000000000000000000000000000000000000000000000000000000000000000000000000000000000000000000000000000000000000000000000000000000000000000000000000000000000000000000000000000000000000e0 0.0000000000000000000000000000000000000000000000000000000000000000000000000000000000000000000000000000000000000000000000000000000000000000000000000000000000000000000000000000000000000000000000000000000000000000000000000000000000000000000000000000000000000000000000000000000000000000000000000000000000000000000000e0
0.0000000000000000000000000000000000000000000000000000000000000000000000000000000000000000000000000000000000000000000000000000000000000000000000000000000000000000000000000000000000000000000000000000000000000000000000000000000000000000000000000000000000000000000000000000000000000000000000000000000000000000000000e0 0.0000000000000000000000000000000000000000000000000000000000000000000000000000000000000000000000000000000000000000000000000000000000000000000000000000000000000000000000000000000000000000000000000000000000000000000000000000000000000000000000000000000000000000000000000000000000000000000000000000000000000000000000e0
0.0000000000000000000000000000000000000000000000000000000000000000000000000000000000000000000000000000000000000000000000000000000000000000000000000000000000000000000000000000000000000000000000000000000000000000000000000000000000000000000000000000000000000000000000000000000000000000000000000000000000000000000000e0 0.0000000000000000000000000000000000000000000000000000000000000000000000000000000000000000000000000000000000000000000000000000000000000000000000000000000000000000000000000000000000000000000000000000000000000000000000000000000000000000000000000000000000000000000000000000000000000000000000000000000000000000000000e0


2
-0.100000000000000009801e1 0.000000000000000000000e0
0.100000000000000009172e1 0.000000000000000000000e0
