input_critical_curve
4 1

4
0.0000000000000000000000000000000000000000000000000000000000000000000000000000000000000000000000000000000000000000000000000000000000000000000000000000000000000000000000000000000000000000000000000000000000000000000000000000000000000000000000000000000000000000000000000000000000000000000000000000000000000000000000e0 0.0000000000000000000000000000000000000000000000000000000000000000000000000000000000000000000000000000000000000000000000000000000000000000000000000000000000000000000000000000000000000000000000000000000000000000000000000000000000000000000000000000000000000000000000000000000000000000000000000000000000000000000000e0
0.5870172919416695018848063002978053444665915649421452594822302352915635620202582122805155789610679873919395113499597069227700631634627299366309138922603719877079097036339936355083725770556374171774661667495501450621937999466435207688297556942824631269439936191446013440386352787464839484496231676245012163804421e0 -0.0000000000000000000000000000000000000000000000000000000000000000000000000000000000000000000000000000000000000000000000000000000000000000000000000000000000000000000000000000000000000000000000000000000000000000000000000000000000000000000000000000000000000000000000000000000000000000000000000000000000000000000000e0
-0.7890502054895754210637387000750395946215913702677778177118552790405245656418961645037893714730559826114722262519686224841524029175579275848768974393584367826570621171062849152616289283803446220971786758567072252616922329563990733830897279461142467082647048163777288573629591268354678300387642231020550973475303e0 -0.0000000000000000000000000000000000000000000000000000000000000000000000000000000000000000000000000000000000000000000000000000000000000000000000000000000000000000000000000000000000000000000000000000000000000000000000000000000000000000000000000000000000000000000000000000000000000000000000000000000000000000000000e0
0.1811366119212997760311848921386326157136185800759741542544238217252383977538602238562144674983891822542233282737032936067765266762494035084385403571377188657402386924466025592275885334100439875509202167469559850811797957225913422098488593497310800123306626350314854447531554901146929651225981239896853779642629e0 -0.0000000000000000000000000000000000000000000000000000000000000000000000000000000000000000000000000000000000000000000000000000000000000000000000000000000000000000000000000000000000000000000000000000000000000000000000000000000000000000000000000000000000000000000000000000000000000000000000000000000000000000000000e0


1

4
0.6313236394917641381455204737810626701025654554848108817369531300614284694808342599020143415843571032693789103577991351031860288477951105274622554070508915608454425723102859480506515018198839746671737005699464579030559873279029023707148954116328701008339920696294477356380573035368635323505561498073371365593329e0 -0.3970589770230307034912698297650991991511884476772453186110717521512561955432856048077406469474570597389420662572464104752112245942086037672852719323330395288935584991259261908167678737947170041740964359041227071769723073347365714589201505536438693226908924720488445367529685167395393374101875574802090613939574e0
0.4841244379839883180731681442787383996788785862546074911043392879305398166521472356770463867777094082748306232189759493681461667391112284409436951997372172245495032140660423250155190626742314595659632926442019565649409604677493291382362350332472659191600577370133743962767288753715001615981150609809253746982577e-1 0.3325487744215701412614078634939116844590472029435773618160800471455960242602831193136348593015101563778429044689703071871542850041955916464530467729383158742309389574874908152094432923818362362851849734675740977836986750627893515235748831984089551076310692572478097276939041467012166570712086240469539662434111e0
-0.4030236030409795086474373018872296168684207772049298900333095474808202616745166223464555774840661340962319264674174119948909424536889736606388334933682361008348987839312519374847583012450304735188311028203791844263378749458777844782754476301495893037078775556502334853505830651013038575215269680697536783879197e0 0.3178396146383080194856349667191644567852134863955742950420389088814345200942201504434284644121681338371595626551312527230340994671313882216754007962113612036911407297534636174326309765877953633213761524568537878172130270359850290078158664422887140385962508197840672171150982230862771867384175356554723070524747e-2
-0.4088987839187975156676118562371766306954227971376255728886105315722286709825333094180502733431074476585438881745813439932402142524428709178067968950552154982783134623499157377711530274532562844076274079398562912488506936453204367937669749927561554261821895891315632055143806054414149755486017542361507956512647e0 0.3472515802711491124977332929289303098509234860862655898125491227787256357669194929060237295990736273681432488596780061811717262790195871851230860570503775043287957042458438092134441128964179275407498421066626301950961640602268756743928049289263793931356308797054050733281342869418011701731507790337393528906792e-1



0.1999999999999999796278411789973716849999618716537952423095703125000000000000000000000000000000000000000000000000000000000000000000000000000000000000000000000000000000000000000000000000000000000000000000000000000000000000000000000000000000000000000000000000000000000000000000000000000000000000000000000000000000e1 0.0000000000000000000000000000000000000000000000000000000000000000000000000000000000000000000000000000000000000000000000000000000000000000000000000000000000000000000000000000000000000000000000000000000000000000000000000000000000000000000000000000000000000000000000000000000000000000000000000000000000000000000000e0
3
0.0000000000000000000000000000000000000000000000000000000000000000000000000000000000000000000000000000000000000000000000000000000000000000000000000000000000000000000000000000000000000000000000000000000000000000000000000000000000000000000000000000000000000000000000000000000000000000000000000000000000000000000000e0 0.0000000000000000000000000000000000000000000000000000000000000000000000000000000000000000000000000000000000000000000000000000000000000000000000000000000000000000000000000000000000000000000000000000000000000000000000000000000000000000000000000000000000000000000000000000000000000000000000000000000000000000000000e0
0.0000000000000000000000000000000000000000000000000000000000000000000000000000000000000000000000000000000000000000000000000000000000000000000000000000000000000000000000000000000000000000000000000000000000000000000000000000000000000000000000000000000000000000000000000000000000000000000000000000000000000000000000e0 0.0000000000000000000000000000000000000000000000000000000000000000000000000000000000000000000000000000000000000000000000000000000000000000000000000000000000000000000000000000000000000000000000000000000000000000000000000000000000000000000000000000000000000000000000000000000000000000000000000000000000000000000000e0
0.0000000000000000000000000000000000000000000000000000000000000000000000000000000000000000000000000000000000000000000000000000000000000000000000000000000000000000000000000000000000000000000000000000000000000000000000000000000000000000000000000000000000000000000000000000000000000000000000000000000000000000000000e0 0.0000000000000000000000000000000000000000000000000000000000000000000000000000000000000000000000000000000000000000000000000000000000000000000000000000000000000000000000000000000000000000000000000000000000000000000000000000000000000000000000000000000000000000000000000000000000000000000000000000000000000000000000e0


2
-0.999999999999999937713e0 0.000000000000000000000e0
0.999999999999999858566e0 0.000000000000000000000e0
