2 -1 -1

-2.80894342087429915722 -8.43786937020572835877e-1
1.80341418012863519138e-1 -5.12439254409306266247e-1
1.89360791212553225549 1.65807954739205909434
-2.57697308860199747471 2.62784569121462696639e-1

-7.10352193522661878866e-1 7.61237231709764317067e-1
-3.18230700781903297347e-1 -2.31781519986271694611e-1
-8.22125467792698821912e-2 1.26652810907672774832
1.27839522053966359039 -3.99236498427686437029e-1


1 4
5.207014184755220391117383818465340630837740052265379420076162957261783325104541049920265660100863610830746549326235694493146753315690263452566561176185627785386204069926044201246332097412027086528404490671832872625413161484471575170328414788114197757882962678668437980313246627734624820206081886159177368042545e-1 -6.542918178004792647766502318252032076620188828447899446673770765752010773738572004121938131332064905646175453110235821103108342532479813717995192783135669762965456620612449276076957416433142867844880555373356438531580675619076584738729381046283491653472947695364449932677989410355300009657500030180178356755309e-1
1.933574282886514333242562506688904866711619388222557833258606979183281458974082051406316106346556248688485754377697450667855361736434691661739242034319631318397249137545281231531441499542289248381325688940639141275843836717040766863960382157622906559822109698929136327594767409192829113500038506669681948826849e-1 -8.489129626406429165015404923813325696592294006748061939180771847927222821344585496232614574529013294320018744303916749608417859136756707833182581419790442469268767263765403789229315645542859710936717335546877679904253150499748164841728902705658106171425214145375447121932928586546333243168151092280214398676004e-1
-4.983859617216681810304431234398453028850470389192020315889756914572699066722572972225913145469436520360666672252100161052326689110616212047418189245218633576600832738030146290827045685207563935123752953155837568805398389205361580878567998062383538296960286189236974978069320391671492950680884105086633043529798e-1 -9.197321413352921532076149499256740622025254187376862303799347707891089167262125790878570763085899536087957826212047856776553820201551885551336464514931073527853621386296829212270388098200112397148610152624449807979012288761965727910881024055537859485318344034054231593242582677645365065458297808041759391028081e-1
-6.485353609180901616307306252437583712639773783585687090299455429362007816397228860569685271111215808526444471883527375076632880885514859007501777497902924582939480475236372948550214122774888753688072277814525008668125634903465025567984967227562113885858850963233875599274496413422887005516404759001584891680716e-1 -6.178066755999045703576921357046262898731170452055275197957170346266027779375986789312174784368448906780222795673352886475703474134089410163585205296671076123832154233248781566204853822573131429050767758036074203322490648984886451672710758061600209824977942345321587379998763799131494693053685173930046578883974e-1


1 4
-2.553514451327739202450397710310591702893134680228012141095126835790866668444258968866502195777069718814281467249177061622879832469289137635074002262430097366826049782024204115619138457127894967374227071704212671801119894029656218605991972154386176493958474669728399730140158119458310310585275505831358955816983e-1 -4.875682284612165128024193404611307014835243632192205512606498451827915916840949365747237912377106330831408096105580402092967625890795352759039922531506150185048777735624400863946408530986624996357145548075258666113260118063801423447956595332498238568300253281762413600470801390649330215792374783078498941568849e-1
-3.638098446242379185514725626156308026124106934530887120210537867436260204190435722860279667981756678415542707124470718949583691341790647500848203829277507481358923008080721124259616876125658164471088368196075550587328476418513927823690465155568174294988354127288903351614355715420583856643633266292556881505508e-1 4.369440684180557219652618122484763612239789435888653330497722502968513663925320026023573851177683846049919638095829683812421648530360870299390512210993911696166932795600626247962283309735269984036993669212471199505303176880307119876069190394508035199798735363541946770082295460396829794035795113834265314821212e-1
-3.698285067984344383958876698250275362281990006246362390693997882592140646148224817259273453266258238988365157884690673756711207735432517710589027132827326472264693977950910788589315783246449860884571293123518370867673975458019089779863541195743744133124208755000202835518485560981008600884520004074956572843928e-1 -3.655216667288978918394217272651162721091219687060833082641130366484178630896797478386600908972149045150324808186598566983221479549972922742514468734307588825906504142967963763304028314331571799630308096062019822101499893371140263005402668214438390591209579963533304864379305065524663699386166168622517628124086e-1
-2.633292323808595042956744461015956711364730748621857362473527713756379222231955987480212807942368950010148709178436002392365823536698309589454109626262169471861613672264219242843705687838052362812552088050161772180772363428457496846931769005878812261097071791092787488460270568232439115504530419385332070746552e-1 1.845904715234141254513154337288286179850478041584655919204136494371674616226372945523310030740693596481366215789409203045245314408876180329300792287386762251705593932898827341319513578835985159565964466361501226523559832194595553768143243094085283221087052823298197567446396378973017696715296972219511896355984e-1


