6 1 -1

-1.8752675186902039984687765817155058096898453797621647624520 -1.1806709035831749830381869871118717351607630646890399997573
-1.4601341206747598530385246007092626428669370989682347878716 1.2715360994723597613067964631433394909075835123302192540157e-1
2.6809709583003188236153176131291926142242169060959157052166e-1 1.6945065294549692268218101216276030354083689780098431614369
-3.9930779412515555398558369146816378493401418634629755230769e-1 2.7832384340818627115479380097948563246492014989890887600979

7.9555409482242843280817647591468781111102717026986717406316e-3 -1.5614228281887443982270429895917447957953306875740655372233e-1
-1.2791502032950938657820130789318805229366135507036024591184 2.9018772455804757018620576150040936700648280233754787253118e-1
1.4153261815486178340426996883322548937685135019334413006110e-1 2.1732671439171884037180955142030856294465653138684046406899e-1
-4.9914213758481773615300925875744195292246233089250963527551e-1 5.1231637562887143386667313179180242482585265853885680797028e-1

-1.6608837010543554219948547643469316451256319438949493029278e-1 1.1865486662941150739243230252778116838437336892640564782657e-1
-1.3056521899326179683448219154934323692520740305696495204980 3.1594718688984931676754320697985966987979592853294640720985e-1
3.6643591482666914205076327044937411626709316918992964041684e-1 2.1302277936583548864566823229056353159231444923303507604467e-1
-1.5434297123801327972909473975504031957824379479390892563783e-1 5.2004214626395032718263339444985840018593120469225404015632e-1

8.1021759822014577956430650654366736111469238254168149657562e-2 2.8192034984896938437665009958788667587653858749339024795231e-1
-1.2826668908208389264706115251068490682462138669694754935561 3.4052564079965070966058432573751313847102829358090657310590e-1
3.6646483833631958017376139203140756414832470986921692494623e-1 8.2040577481952407304862962742250914177580045036400155925518e-3
-1.4125849770887255805182516238582657573495478154803516541605e-1 2.0628602383309867422374023048840199812704483157718863012218e-1

2.2023585198485625334208740776896136539455197596415349523932 4.0272146055661537404668876800443726926237977611379451762521e-1
-1.0514611479895997071232091195839666582047672809535446734555 4.1000037307667871581705696873162290807904749388191728233438e-1
-3.7234086710626907684412577566258334578846073977646437600846e-1 -1.2619361785292533927708547001154162515044485652439491823286
-1.1921552733903052358975999139823843451834692922575815046785 -1.7864554615510880905806534388747403872245713026144190389259

5.1919414863174244339851181107177876278604264810998687401954e-1 3.8168417889597354054062768629541737842102540566653079198964e-1
-1.2368896014980783025419243387024239109213384565061100296257 3.6314247991493943174389006394928129326555499694365300497148e-1
2.5703042057396943310729245443137518159518774129202338548106e-1 -2.8266285219339706018466241578078120361107995913029813038743e-1
-2.9038044820421140180168342943174185234637928349090539904893e-1 -2.4625489472592506007089411256726189579470411310235972653905e-1


1 4
2.380243105144668135837213805494201883730362114112576244613197292116482816385641209519780069003806162379740806594012516986672439587666179243604907935946530631148235093205230864967733052019598770936378452359482739482163184100898659075854725978101657197321491375435283872879768682003832969199405000638762649397317e-1 -9.687680841772933459914113411494698642929103269537605474229581576056402084734600133755610206783994753889954502567996861972725243137934000251739612526904461106138126780537132465325939862441271423940060120361340144756960700753071022961824817594165133125692798463541234930027080738665430004352994295363067075684044e-1
5.317255973066339138101579532485252986120150299023491144801064042925323013142745482347060326031520596216829737999226949578490343934692806400594512838581032114606971766844505022413971535286071646480062100519561669771229836922356546949689927131159663540460591242277734604391139479520947483736425678609048074911621e-1 -5.625545032495539449935772495644564788249552634929729650259505773486170158023404677071775364664728395154792112787930179216609571042869444406721473317744492545028630978763625296844772403727045543395110022156184393603067542509679650896566146652657716513465363340867977037366487029172434423994084477617749492565128e-2
3.996432263214474253649090982931164789108630154546447928990425172489506678509308213535607252860707372236840475328270876485322801070345486163140872549099458802767934624902424074749446098181197923696825094767937591063694534578399073810754595391566166303506782774947828632574269055000286288057045557033348426019668e-1 -3.527279509713129093017106802357154024079636998481653771189803797598087725037634743105722518085433642008844196040832132142746046140153883392183478087602788115825097823110943207348314117328156898121870693313815005753550933681875917096076638408917151359732381911519811186984744194144389692080779978691220046656787e-1
-8.820305496646916199919110268897668524839879156938770228486701027085908153260757075540109211724481411301713711019431090959606282600181863080489408668071060509394334939113265390836452253643723840423940018494554850540547481517273994216405310801168528696672378696108627210184809956998495653760988513235496780713590e-1 -4.679255854897829539916259940088024253300564199083967822770283731219899205561341050137064218610053480448869462119982933827617852134071247552527030642844827209259993425829595619714272652075464455110069063564108114646100148651980011773683512548470357376617661076286872923931215036591373323339647215478387720141178e-1


1 4
6.372643394581858342593482552484379009110080927018458599559575078516870864561108948885708394363043633506092633114117241965870695506528069431991134249884720428541870102677814956555808026551836643614826031641476297135293692610832453430737500535182055257259327871697867614176704590801743290872301620790121428889703e-2 -2.986760489803941784153589347236330964856812180899222604226692305051271274396043912430449577056310645983447990222654157317196233169901712584018700811164629026644735963913411187666498353367815884264182536193201568378115261578308119917951909134365307123479191338807996306368295898177679811170376308230602011575961e-1
-4.188785566936262873934256486682820125781843526252875152266275740358938684848282536944566536868057051608545001050217179195302195107513039105423580622103285052475711725842108180155941109609959791693373850904528439921243585512187876480350770295473113684007109542596130876440479977268172335420302364095530389648292e-1 -1.378555474985123564212929869374615493967709257952336113164276839789581964033601456683419511198968633673768605124435933083587032017868316993341561986320177708362589345107703196708610463104047862888613322583774776712415954731877596801348747671041074727749757290352857985292112069153679975097974446943297030304969e-1
5.197453878816439535029155360018242672872721140208016214534211486131175127574103604830177035207613338801019955424840514410904661884672691621998513653298598120882642315815732906559107080446068039218653832847093281370274936188958343072480425827784754255722861094691291369313858168531063441604429707879024413738086e-1 1.477906464614808190716872550203957058154430164378687465093272098423327828021047311160896399823089285800572482002001231853286651689943686155286097419980071821166300961535395905595327542479161087782746132283141400029728598092254593324388674161996462996339997700492707526089380405893392999221723263596118095626837e-1
-5.949948590573403909277448749965209016210469187165492171146741844744811100699948767245615137883554324639382577943111334817475248733081127941541536453864607075136577016284461720484145718637261273559018437364574668472691738824453516499491230799829606215774402480636895758434739899162945644744827883306178357515349e-1 -2.574333631015083005680986190496150807788160735974041022840407025047859321381392215929837852711424117286700166716755276926340783606546360987520525786305218598895834729003433325468701617213368292958082424416590717506042575320399953325342992799214002044717586800911979365840673700783855754814243619274067122494098e-1


