6 1 -1

-2.6574090522999321597305412761492517606094106550944949968028 -1.3916954679724415459143531522443033845461377544877041775672
-1.8835427909618536533706794583441930408378569768053677994033 -3.1872506444926720238741157882328864387412112344031345603722e-1
-3.8692567676229705459997578108894993060837938987243187701350e-1 2.2224493338314702654789294117095354317986022890744739140977
-5.9367504041938903502035328290355141527640911748155700008058e-1 3.9478259118760909043326922089731035472463604766735860307188

4.3911491370488650564942061965230201662334960578153146688514e-3 -1.5286881533348701691962110522018463990797219144909902767681e-1
-1.2688706393648267690190903324005419739953117307914341095598 2.6577774019935605009364195709000883037568414431931017850501e-1
1.2637792632509225418089091431647768834552084092412939613318e-1 1.7995542551377856309016622786742212956622427716220400168665e-1
-5.1936519798968056668435301636863972646695891957748943543002e-1 5.0159988419946585393660951894753257728804010057630049667472e-1

-1.4336823778964964825601013132056280237451646146897935144042e-1 1.0871943951725052067118738056936017792225115949106338840520e-1
-1.3334355237967119391377267139431733755137066921354946527100 3.2378733045530855228817922623205749764826393150603753285993e-1
3.3061666175509678186959346799515626236186431093166255231366e-1 2.4872672261713579697695759054208112300685495789359821721982e-1
-1.6840029228003989326985037167022729794426186685477909241569e-1 5.3686404402448052055203345373622378856257636131627217343509e-1

1.2408831317739680655339775204116624853664077091693180879818e-1 2.4411101922842279369983334278599513420534717736151311664434e-1
-1.2726793728987373142481264031281102621023026217336340102206 3.8550653786923026188315865216166298313166638168135593600698e-1
3.8988254940694238750515499452693039690011337488226119747103e-1 4.2023923768898180609991344185470952496012755675103898118068e-2
-1.4920169901950029406601123565103905687524810973678991264179e-1 1.8543326091012787859935318758141458091578172747296599839946e-1

1.5706593628876832576971850344808974990702892133367605199849 -4.1340165341688360291651173720930163744995780002089169690742e-1
-8.1599699750463893320690726235395261350009647063350589273348e-1 3.3877869109862480150183467242813114883767037317261497518838e-1
-2.6866559772370024962504220622851538510737640412110601308959e-1 -8.8828225882067848094641908932867080515327162484091414493872e-1
-1.5392089392767474264802857128352107590258004121358411476547 -1.0588721708480692960262303227670958344307972421673184039561

5.9251059219644264489809241581188793093177102503025740750811e-1 3.3203756814800812775368042228916082958178649851004389112222e-1
-1.1525221105626375638151954066413782307741857876257705002187 4.5274904452570944288273410402776482391676871052718215031167e-1
3.8857244077371314223910944195030181936679031497980047584976e-1 -2.9984758073593611006511914926337278075946184127316203198721e-1
-2.7594515302389725975547177705228129017899975527908525315701e-1 -3.5958964210568887784518216836770153798906877879946687448034e-1


1 4
2.380243105144668135837213805494201883730362114112576244613197292116482816385641209519780069003806162379740806594012516986672439587666179243604907935946530631148235093205230864967733052019598770936378452359482739482163184100898659075854725978101657197321491375435283872879768682003832969199405000638762649397317e-1 -9.687680841772933459914113411494698642929103269537605474229581576056402084734600133755610206783994753889954502567996861972725243137934000251739612526904461106138126780537132465325939862441271423940060120361340144756960700753071022961824817594165133125692798463541234930027080738665430004352994295363067075684044e-1
5.317255973066339138101579532485252986120150299023491144801064042925323013142745482347060326031520596216829737999226949578490343934692806400594512838581032114606971766844505022413971535286071646480062100519561669771229836922356546949689927131159663540460591242277734604391139479520947483736425678609048074911621e-1 -5.625545032495539449935772495644564788249552634929729650259505773486170158023404677071775364664728395154792112787930179216609571042869444406721473317744492545028630978763625296844772403727045543395110022156184393603067542509679650896566146652657716513465363340867977037366487029172434423994084477617749492565128e-2
3.996432263214474253649090982931164789108630154546447928990425172489506678509308213535607252860707372236840475328270876485322801070345486163140872549099458802767934624902424074749446098181197923696825094767937591063694534578399073810754595391566166303506782774947828632574269055000286288057045557033348426019668e-1 -3.527279509713129093017106802357154024079636998481653771189803797598087725037634743105722518085433642008844196040832132142746046140153883392183478087602788115825097823110943207348314117328156898121870693313815005753550933681875917096076638408917151359732381911519811186984744194144389692080779978691220046656787e-1
-8.820305496646916199919110268897668524839879156938770228486701027085908153260757075540109211724481411301713711019431090959606282600181863080489408668071060509394334939113265390836452253643723840423940018494554850540547481517273994216405310801168528696672378696108627210184809956998495653760988513235496780713590e-1 -4.679255854897829539916259940088024253300564199083967822770283731219899205561341050137064218610053480448869462119982933827617852134071247552527030642844827209259993425829595619714272652075464455110069063564108114646100148651980011773683512548470357376617661076286872923931215036591373323339647215478387720141178e-1


1 4
6.372643394581858342593482552484379009110080927018458599559575078516870864561108948885708394363043633506092633114117241965870695506528069431991134249884720428541870102677814956555808026551836643614826031641476297135293692610832453430737500535182055257259327871697867614176704590801743290872301620790121428889703e-2 -2.986760489803941784153589347236330964856812180899222604226692305051271274396043912430449577056310645983447990222654157317196233169901712584018700811164629026644735963913411187666498353367815884264182536193201568378115261578308119917951909134365307123479191338807996306368295898177679811170376308230602011575961e-1
-4.188785566936262873934256486682820125781843526252875152266275740358938684848282536944566536868057051608545001050217179195302195107513039105423580622103285052475711725842108180155941109609959791693373850904528439921243585512187876480350770295473113684007109542596130876440479977268172335420302364095530389648292e-1 -1.378555474985123564212929869374615493967709257952336113164276839789581964033601456683419511198968633673768605124435933083587032017868316993341561986320177708362589345107703196708610463104047862888613322583774776712415954731877596801348747671041074727749757290352857985292112069153679975097974446943297030304969e-1
5.197453878816439535029155360018242672872721140208016214534211486131175127574103604830177035207613338801019955424840514410904661884672691621998513653298598120882642315815732906559107080446068039218653832847093281370274936188958343072480425827784754255722861094691291369313858168531063441604429707879024413738086e-1 1.477906464614808190716872550203957058154430164378687465093272098423327828021047311160896399823089285800572482002001231853286651689943686155286097419980071821166300961535395905595327542479161087782746132283141400029728598092254593324388674161996462996339997700492707526089380405893392999221723263596118095626837e-1
-5.949948590573403909277448749965209016210469187165492171146741844744811100699948767245615137883554324639382577943111334817475248733081127941541536453864607075136577016284461720484145718637261273559018437364574668472691738824453516499491230799829606215774402480636895758434739899162945644744827883306178357515349e-1 -2.574333631015083005680986190496150807788160735974041022840407025047859321381392215929837852711424117286700166716755276926340783606546360987520525786305218598895834729003433325468701617213368292958082424416590717506042575320399953325342992799214002044717586800911979365840673700783855754814243619274067122494098e-1


