6 1 -1

-3.0495579484628997795676358164248651858790116405210119575652 -1.3755295274947968460723518409479312997090135010933665164258
-2.1465556999889457237773761620119455296644599210379254282980 -5.1113196224991302274434754738248432655304739562079812952179e-1
-6.7264268082744050753854640038162011481683347752218232504278e-1 2.5154908720489414066956453930350771045507263479185383640906
-5.6396945780553098556321102639981761384899765066518353257361e-1 4.5149603449157730509555743602134773741753026904263709300518

3.3713360198224547915199324954439706662522414072753033738339e-3 -1.5167882012819078869067244906714746905963397691008713803732e-1
-1.2652835418677006468243250693098798401695219535673663286908 2.5672684401186241788927461026955725382048607775943218410012e-1
1.2035829276969762990084821079466819808972378320599113030855e-1 1.6623643306701048391932839977380136930183829987037541279308e-1
-5.2706644869955029040378712139127214188419647339081702031199e-1 4.9763293098442189389172000526219840825972489211181390194434e-1

-1.3728346245854016535173695067877560096729916987719989709167e-1 1.0572089883731330293063817321430894755700870231593159553330e-1
-1.3425968427582599840521708579028756242663177048879237283120 3.2664530535541470436246401954201782593282478142903271600167e-1
3.2000251048575767837362946063735485115713201085352122828839e-1 2.6129838613429139043583521957426265620957995807639304996302e-1
-1.7171745453836473763176549712954084992920432364012539700994e-1 5.4337951438701174650399653333191911464617442250639301297257e-1

1.3187803122528195197323402822977307635044224765731062032701e-1 2.2886235590651188059146610036068872376152147671129313706861e-1
-1.2666825683666695098249189659194547551345978514036008358087 3.9945780827637803800577134909007630601347855411675572894184e-1
4.0138876595102058152946929124748545505474743279384409683705e-1 5.3536559472055649604860815812442411086156186524268543028106e-2
-1.5112187882774950663162597083468820373238190835560671759858e-1 1.8242406332488417447148792453167634269272113130449749899871e-1

1.3232200695139342285839552131874897513103331956769961851099 -5.1942616706373941536878895157480144141577789399031301315330e-1
-7.7936381274083565474372704933227161036519306801564457455247e-1 2.8773927890040599304305507077397974735588699445807731096840e-1
-2.1184627435217073987260533412813512020248147118303871762775e-1 -8.1174747269081638785346149386845804757653284114079058050377e-1
-1.5316128907738062478977341116407948453860396833319637509447 -8.4089155762925242741015123107144187296824535945426660553380e-1

6.1333357987045063787861110557171643048774500688519615384619e-1 3.0504031434580170576357847343169113036598705373467738151262e-1
-1.1140353298453836139810381386695320360879010552020442334488 4.8134832801908351193471438659561752727527102280079969603341e-1
4.3851421821511689481945692799309066378761616268234177242053e-1 -3.1204295339306790328802638755883286995009949860350123401835e-1
-2.7823678035869110266565701540036574306792197926146019772465e-1 -3.9924146202417038726081332223056302631746389120209250277204e-1


1 4
2.380243105144668135837213805494201883730362114112576244613197292116482816385641209519780069003806162379740806594012516986672439587666179243604907935946530631148235093205230864967733052019598770936378452359482739482163184100898659075854725978101657197321491375435283872879768682003832969199405000638762649397317e-1 -9.687680841772933459914113411494698642929103269537605474229581576056402084734600133755610206783994753889954502567996861972725243137934000251739612526904461106138126780537132465325939862441271423940060120361340144756960700753071022961824817594165133125692798463541234930027080738665430004352994295363067075684044e-1
5.317255973066339138101579532485252986120150299023491144801064042925323013142745482347060326031520596216829737999226949578490343934692806400594512838581032114606971766844505022413971535286071646480062100519561669771229836922356546949689927131159663540460591242277734604391139479520947483736425678609048074911621e-1 -5.625545032495539449935772495644564788249552634929729650259505773486170158023404677071775364664728395154792112787930179216609571042869444406721473317744492545028630978763625296844772403727045543395110022156184393603067542509679650896566146652657716513465363340867977037366487029172434423994084477617749492565128e-2
3.996432263214474253649090982931164789108630154546447928990425172489506678509308213535607252860707372236840475328270876485322801070345486163140872549099458802767934624902424074749446098181197923696825094767937591063694534578399073810754595391566166303506782774947828632574269055000286288057045557033348426019668e-1 -3.527279509713129093017106802357154024079636998481653771189803797598087725037634743105722518085433642008844196040832132142746046140153883392183478087602788115825097823110943207348314117328156898121870693313815005753550933681875917096076638408917151359732381911519811186984744194144389692080779978691220046656787e-1
-8.820305496646916199919110268897668524839879156938770228486701027085908153260757075540109211724481411301713711019431090959606282600181863080489408668071060509394334939113265390836452253643723840423940018494554850540547481517273994216405310801168528696672378696108627210184809956998495653760988513235496780713590e-1 -4.679255854897829539916259940088024253300564199083967822770283731219899205561341050137064218610053480448869462119982933827617852134071247552527030642844827209259993425829595619714272652075464455110069063564108114646100148651980011773683512548470357376617661076286872923931215036591373323339647215478387720141178e-1


1 4
6.372643394581858342593482552484379009110080927018458599559575078516870864561108948885708394363043633506092633114117241965870695506528069431991134249884720428541870102677814956555808026551836643614826031641476297135293692610832453430737500535182055257259327871697867614176704590801743290872301620790121428889703e-2 -2.986760489803941784153589347236330964856812180899222604226692305051271274396043912430449577056310645983447990222654157317196233169901712584018700811164629026644735963913411187666498353367815884264182536193201568378115261578308119917951909134365307123479191338807996306368295898177679811170376308230602011575961e-1
-4.188785566936262873934256486682820125781843526252875152266275740358938684848282536944566536868057051608545001050217179195302195107513039105423580622103285052475711725842108180155941109609959791693373850904528439921243585512187876480350770295473113684007109542596130876440479977268172335420302364095530389648292e-1 -1.378555474985123564212929869374615493967709257952336113164276839789581964033601456683419511198968633673768605124435933083587032017868316993341561986320177708362589345107703196708610463104047862888613322583774776712415954731877596801348747671041074727749757290352857985292112069153679975097974446943297030304969e-1
5.197453878816439535029155360018242672872721140208016214534211486131175127574103604830177035207613338801019955424840514410904661884672691621998513653298598120882642315815732906559107080446068039218653832847093281370274936188958343072480425827784754255722861094691291369313858168531063441604429707879024413738086e-1 1.477906464614808190716872550203957058154430164378687465093272098423327828021047311160896399823089285800572482002001231853286651689943686155286097419980071821166300961535395905595327542479161087782746132283141400029728598092254593324388674161996462996339997700492707526089380405893392999221723263596118095626837e-1
-5.949948590573403909277448749965209016210469187165492171146741844744811100699948767245615137883554324639382577943111334817475248733081127941541536453864607075136577016284461720484145718637261273559018437364574668472691738824453516499491230799829606215774402480636895758434739899162945644744827883306178357515349e-1 -2.574333631015083005680986190496150807788160735974041022840407025047859321381392215929837852711424117286700166716755276926340783606546360987520525786305218598895834729003433325468701617213368292958082424416590717506042575320399953325342992799214002044717586800911979365840673700783855754814243619274067122494098e-1


