6 2 0

-8.5904522559530272e-1 -3.4538664498982245e-3
-8.7800342942621268e-1 2.5373959369836452e-1
1.0382486043379511 3.0338778747318697e-2
1.0282421354738236e-1 6.9555086622670514e-1

-3.5738004120655165e-1 -2.1343704735213374
-4.1695669835702376e-1 2.0392082869486655e-1
1.8172901292053550e-1 3.1322627722576957e-1
-1.9140338546946407 1.0507295907957843

-4.5874155122214377e-2 -1.1112430987127764e-1
-7.9923506768133556e-1 4.0861684675888765e-1
8.2524113013691625e-1 -2.3207406976944239e-1
-2.8982614000413132e-1 3.6290261236435611e-2

5.5631117495886312e-2 1.2267168339723633e-1
-8.3879652467029242e-1 4.4535817541037226e-1
8.8548872092405362e-1 -3.1809495695597023e-1
-1.2631692329855854e-1 -1.3724443780721329e-1

1.5949400559146034 -3.4100406646636348
-2.4630117934973002e-2 5.0413994420266572e-1
-6.8693367567676966e-1 -9.7653919537510347e-2
-3.7310868495623568 -1.5668950479739896e-1

5.5153757441493823e-1 6.1050034379031393e-2
-7.9156741763989258e-1 5.4009343490866990e-1
7.5700676581180115e-1 -4.7899598746972671e-1
-3.6229879526619357e-1 -5.4078080702023001e-1


2 4
-3.958455939398932168831925537948758795968314532714808538583311164278314744883372745690574932856373691978098596154894127461243201734141183203021769414100571740290583298422795782659907638802093723271680891152803403728071809447354500024115435664549871562951578147597539083190356785686144138428329301965175469321116e-1 -1.732112476008345660075266377078348264274258546909858324271729800625270859066300918919554077724005244433655058325542803850420747710709815273244766208694535134064093962298265596845214030095394146099988205331266427654559009399024580390468015234964744601025743175606862154296975590799615640009907777228108759057070e-1
-5.327938484540985991816460495944778795205518327550873049057645134230519201899155054018635050038178920684984735368188071480498201063008349498057263184266046258063426277810940991404132382191708873801166762533773342745781602553001872052570852664743907981530655430027019077103897929617803273103761259748461055018395e-2 8.043779035816814085514810968252044507896253079186898844895862872454753456167286016049370514681084612906407432206364632241301132308298682074132477398771982929501700215779445211362427206893846549073438020178322790377449395009203929421308928934379372801757549507817894544687829391878345514289008173883492049872598e-1
-1.507633752312545743287394461896068979867088448103225430867404639963066158350735390412218677249010384181649213950495720407357102171075567948133814747630101364573403248652205634658545763309233597309156518384057866897283805903555076518380557373718057364472288644701098826280932569499245091862047371843680148004397e-2 8.067142197931374348745788976425506694881687478450088392649236873687705992016098106682916423544019477858506800715561440496985747568229573232960062859083545934606635767165217567133765318989796482923815837955851463812682909196581771323419343716386556265792196119764428847417550646656877822789622510532219181146835e-1
-4.059118374827093801658825703093766682769380271899729347935097662944814100667297791231635159747852136845698062346353614103944688944968349756061793241663293237378834669026197406792637525101556315964054615599519423337013979274921376425362735359077605639926314970708662954774669909630916671765604315739840407408246e-1 1.441486280853181045488888415138193267652153503358848108329613317423469355866562910096957295543209939628313709314880020822086068870412556931886481683544610224748477445566021617115114239171432632135971447050809978421985173770199946873688980598694985657594395871834699599066502101586184141270641805443702169172829e-1

2.380243105144668135837213805494201883730362114112576244613197292116482816385641209519780069003806162379740806594012516986672439587666179243604907935946530631148235093205230864967733052019598770936378452359482739482163184100898659075854725978101657197321491375435283872879768682003832969199405000638762649397317e-1 -9.687680841772933459914113411494698642929103269537605474229581576056402084734600133755610206783994753889954502567996861972725243137934000251739612526904461106138126780537132465325939862441271423940060120361340144756960700753071022961824817594165133125692798463541234930027080738665430004352994295363067075684044e-1
5.317255973066339138101579532485252986120150299023491144801064042925323013142745482347060326031520596216829737999226949578490343934692806400594512838581032114606971766844505022413971535286071646480062100519561669771229836922356546949689927131159663540460591242277734604391139479520947483736425678609048074911621e-1 -5.625545032495539449935772495644564788249552634929729650259505773486170158023404677071775364664728395154792112787930179216609571042869444406721473317744492545028630978763625296844772403727045543395110022156184393603067542509679650896566146652657716513465363340867977037366487029172434423994084477617749492565128e-2
3.996432263214474253649090982931164789108630154546447928990425172489506678509308213535607252860707372236840475328270876485322801070345486163140872549099458802767934624902424074749446098181197923696825094767937591063694534578399073810754595391566166303506782774947828632574269055000286288057045557033348426019668e-1 -3.527279509713129093017106802357154024079636998481653771189803797598087725037634743105722518085433642008844196040832132142746046140153883392183478087602788115825097823110943207348314117328156898121870693313815005753550933681875917096076638408917151359732381911519811186984744194144389692080779978691220046656787e-1
-8.820305496646916199919110268897668524839879156938770228486701027085908153260757075540109211724481411301713711019431090959606282600181863080489408668071060509394334939113265390836452253643723840423940018494554850540547481517273994216405310801168528696672378696108627210184809956998495653760988513235496780713590e-1 -4.679255854897829539916259940088024253300564199083967822770283731219899205561341050137064218610053480448869462119982933827617852134071247552527030642844827209259993425829595619714272652075464455110069063564108114646100148651980011773683512548470357376617661076286872923931215036591373323339647215478387720141178e-1


1 4
6.372643394581858342593482552484379009110080927018458599559575078516870864561108948885708394363043633506092633114117241965870695506528069431991134249884720428541870102677814956555808026551836643614826031641476297135293692610832453430737500535182055257259327871697867614176704590801743290872301620790121428889703e-2 -2.986760489803941784153589347236330964856812180899222604226692305051271274396043912430449577056310645983447990222654157317196233169901712584018700811164629026644735963913411187666498353367815884264182536193201568378115261578308119917951909134365307123479191338807996306368295898177679811170376308230602011575961e-1
-4.188785566936262873934256486682820125781843526252875152266275740358938684848282536944566536868057051608545001050217179195302195107513039105423580622103285052475711725842108180155941109609959791693373850904528439921243585512187876480350770295473113684007109542596130876440479977268172335420302364095530389648292e-1 -1.378555474985123564212929869374615493967709257952336113164276839789581964033601456683419511198968633673768605124435933083587032017868316993341561986320177708362589345107703196708610463104047862888613322583774776712415954731877596801348747671041074727749757290352857985292112069153679975097974446943297030304969e-1
5.197453878816439535029155360018242672872721140208016214534211486131175127574103604830177035207613338801019955424840514410904661884672691621998513653298598120882642315815732906559107080446068039218653832847093281370274936188958343072480425827784754255722861094691291369313858168531063441604429707879024413738086e-1 1.477906464614808190716872550203957058154430164378687465093272098423327828021047311160896399823089285800572482002001231853286651689943686155286097419980071821166300961535395905595327542479161087782746132283141400029728598092254593324388674161996462996339997700492707526089380405893392999221723263596118095626837e-1
-5.949948590573403909277448749965209016210469187165492171146741844744811100699948767245615137883554324639382577943111334817475248733081127941541536453864607075136577016284461720484145718637261273559018437364574668472691738824453516499491230799829606215774402480636895758434739899162945644744827883306178357515349e-1 -2.574333631015083005680986190496150807788160735974041022840407025047859321381392215929837852711424117286700166716755276926340783606546360987520525786305218598895834729003433325468701617213368292958082424416590717506042575320399953325342992799214002044717586800911979365840673700783855754814243619274067122494098e-1


