6 1 -1

-1.4133624415827916409114341799648710256679769192294662390601 -8.4873232640925388991413516788482249201993999076877682632064e-1
-1.2388952065238620825569790309590582261336826785623219684153 4.1269472957270526135967015066325764004709620304243783178517e-1
7.4978841881716964715183522188990335186428553244288411347531e-1 1.3308403397506031005035658226528128968049964572484975399151
-9.7896712621296997200966960401687296581640540898550709847659e-2 2.0062058270203680490654781879633519814003750968190254982106

1.3293204368746864165611956292971292093959772927278874764071e-2 -1.5931702237070722525194823745323449875979586478147993268409e-1
-1.2913966148369986238036825873574104366260803897606551580419 3.1568632507458192667959585014930933932773342725797044485228e-1
1.5508049581211986178642420230028206384798492202709519122833e-1 2.5727357211552366335453296504668179281091116401433016536051e-1
-4.7881901947168133777796453012423635146395168221725691916753e-1 5.2365003279680580976046562604442216274332430727756106991092e-1

-2.1255925870603058394033003539966121652377695183096901527349e-1 1.2745754330655662650200929894908511565273209653144660114362e-1
-1.2669683788598211688510871098569434418389319319008390273092 3.0868555987012461140267101344410952635004625241104438956089e-1
4.2610026239726935959215478470203455572466193559264406388038e-1 1.7671833603884851983685154912280938492565468526934131757117e-1
-1.2638836880702341314313872096436073331590115754173355847366e-1 5.1147397926742174997664003674285524569184541188616740778339e-1

8.7409668927910742668827195882079783934530387238448001137989e-3 2.7936155696540627163718314461081381370611257966033809393558e-1
-1.2732819556165420924702691649931737672914976613779894557114 2.9109863896330418116643798721199926915276078107057308751036e-1
3.5393720748954719497381822937907262310843393493811002268507e-1 -1.8261282681363242935208124684777239177129196897588494700058e-2
-1.5230013864879776227382721337800764662009077092922067203114e-1 2.5346526540001409775279498962585974031301294352925296920746e-1

1.8365705830118632283216864074304967174236701425902296145356 1.7382320071147860772326486779075878422043226851628093458442
-1.3171156743596938112453262272185485044436093513677538434314 1.3430680763827073507565035457571725442255456655252184311922e-1
-1.5086039367989072864981310373775343810377683585818773561754e-1 -1.7579128681646264696168408724041771914478492081809259923089
-2.1563488146431428807178740746155421786043940478502969336762e-1 -2.0049015336702933212141843590193294701602164603105498477751

4.4141200642583811155343811970765952547996658123078321774251e-1 4.0480117059034254737818727879060316870216679884807817296238e-1
-1.2926093405030362128418126887120672936650505449263051661800 2.6640179725283111676215261035548062195315360130466028898252e-1
1.3620907175289321614960655711386290244477613975708006649254e-1 -2.9092418746113878675301854687688703911959702812747463284571e-1
-3.2954172300849183854311895675093379627905090060224058614621e-1 -1.4400180696913146557125061851654224233903100456824740228818e-1


1 4
2.380243105144668135837213805494201883730362114112576244613197292116482816385641209519780069003806162379740806594012516986672439587666179243604907935946530631148235093205230864967733052019598770936378452359482739482163184100898659075854725978101657197321491375435283872879768682003832969199405000638762649397317e-1 -9.687680841772933459914113411494698642929103269537605474229581576056402084734600133755610206783994753889954502567996861972725243137934000251739612526904461106138126780537132465325939862441271423940060120361340144756960700753071022961824817594165133125692798463541234930027080738665430004352994295363067075684044e-1
5.317255973066339138101579532485252986120150299023491144801064042925323013142745482347060326031520596216829737999226949578490343934692806400594512838581032114606971766844505022413971535286071646480062100519561669771229836922356546949689927131159663540460591242277734604391139479520947483736425678609048074911621e-1 -5.625545032495539449935772495644564788249552634929729650259505773486170158023404677071775364664728395154792112787930179216609571042869444406721473317744492545028630978763625296844772403727045543395110022156184393603067542509679650896566146652657716513465363340867977037366487029172434423994084477617749492565128e-2
3.996432263214474253649090982931164789108630154546447928990425172489506678509308213535607252860707372236840475328270876485322801070345486163140872549099458802767934624902424074749446098181197923696825094767937591063694534578399073810754595391566166303506782774947828632574269055000286288057045557033348426019668e-1 -3.527279509713129093017106802357154024079636998481653771189803797598087725037634743105722518085433642008844196040832132142746046140153883392183478087602788115825097823110943207348314117328156898121870693313815005753550933681875917096076638408917151359732381911519811186984744194144389692080779978691220046656787e-1
-8.820305496646916199919110268897668524839879156938770228486701027085908153260757075540109211724481411301713711019431090959606282600181863080489408668071060509394334939113265390836452253643723840423940018494554850540547481517273994216405310801168528696672378696108627210184809956998495653760988513235496780713590e-1 -4.679255854897829539916259940088024253300564199083967822770283731219899205561341050137064218610053480448869462119982933827617852134071247552527030642844827209259993425829595619714272652075464455110069063564108114646100148651980011773683512548470357376617661076286872923931215036591373323339647215478387720141178e-1


1 4
6.372643394581858342593482552484379009110080927018458599559575078516870864561108948885708394363043633506092633114117241965870695506528069431991134249884720428541870102677814956555808026551836643614826031641476297135293692610832453430737500535182055257259327871697867614176704590801743290872301620790121428889703e-2 -2.986760489803941784153589347236330964856812180899222604226692305051271274396043912430449577056310645983447990222654157317196233169901712584018700811164629026644735963913411187666498353367815884264182536193201568378115261578308119917951909134365307123479191338807996306368295898177679811170376308230602011575961e-1
-4.188785566936262873934256486682820125781843526252875152266275740358938684848282536944566536868057051608545001050217179195302195107513039105423580622103285052475711725842108180155941109609959791693373850904528439921243585512187876480350770295473113684007109542596130876440479977268172335420302364095530389648292e-1 -1.378555474985123564212929869374615493967709257952336113164276839789581964033601456683419511198968633673768605124435933083587032017868316993341561986320177708362589345107703196708610463104047862888613322583774776712415954731877596801348747671041074727749757290352857985292112069153679975097974446943297030304969e-1
5.197453878816439535029155360018242672872721140208016214534211486131175127574103604830177035207613338801019955424840514410904661884672691621998513653298598120882642315815732906559107080446068039218653832847093281370274936188958343072480425827784754255722861094691291369313858168531063441604429707879024413738086e-1 1.477906464614808190716872550203957058154430164378687465093272098423327828021047311160896399823089285800572482002001231853286651689943686155286097419980071821166300961535395905595327542479161087782746132283141400029728598092254593324388674161996462996339997700492707526089380405893392999221723263596118095626837e-1
-5.949948590573403909277448749965209016210469187165492171146741844744811100699948767245615137883554324639382577943111334817475248733081127941541536453864607075136577016284461720484145718637261273559018437364574668472691738824453516499491230799829606215774402480636895758434739899162945644744827883306178357515349e-1 -2.574333631015083005680986190496150807788160735974041022840407025047859321381392215929837852711424117286700166716755276926340783606546360987520525786305218598895834729003433325468701617213368292958082424416590717506042575320399953325342992799214002044717586800911979365840673700783855754814243619274067122494098e-1


