4 -1 -1

3.336936064041303878620258679687175020932566373258357005240778328606183852957424477126445e-1 2.614801607776627013508214648525148816438106036379204947729528809901024586949460437784893e-1
8.719994801867736801928055580534750874836553616665376818155545593498537327495507380543169e-1 3.103220386500265668274520752193515654629246967261569525417508560056552101690956396796564e-1
9.203371963754182228705802570126346425614405559969779128129218586166773471058410770169800e-1 8.514326751361661613309781254106221469753224184471118992692342206965706963209139178826873e-2
9.874901152252911425969582001240504522708202057299443791612279078461292526639366402083144e-1 2.551821116306880391467402408561272471231010279494784211293633121319423519774089225600661e-1

8.133006687056930603784997803715358660957195332487059511336869621356973461624419750361459e-1 1.131915308640230688960330693065582002002369898850150094078185988368456138142157331421141
-4.611042260406410387288580719844916019685357197971879601820134090107155545715330257630619e-2 1.171157852264457026108055688352678031885882480167332331232373329301465766226102042236221
-8.889248909682856547332613977216264230279759256866201453033359431918446570844587936660779e-2 -4.967562570472263733938631344343169799771146133753594968896811066820529617012226461173515e-2
3.921200304983980589985299469932143236278372552712161300093185844608783500550476499720097e-1 -1.005687269687987846598079091611951726065684388862051331135777951119085201155992371920141

-1.358718976285330133285773188322567598745877953338982504490233772501101316353504293811581 1.790148778753019358957551472547274201126786907130966849844451447035532043109271238652581
5.315914258378562943393226512928062343020403839856005085957466331506686515724790610325213e-2 -2.270843918498907612026937033827160288351249337290691658292722246224181753311573815724526
9.990302476979855314625225556331787134531985046504193062095989859131062469202495795592553e-1 3.506771713393410909438210175394359892324910328758736420129795865964031893597124898154318e-1
2.058007144227268339917137933721659803866435318920393141050444106937651237267241406512171 -8.635177942214993644551588404102420501591710404198775317782277432557198651181817890897513e-1

-1.365844755021659750073433272769579478800948703755343607216979020465709390054440498186995e-1 -4.504398811618085147070083160386102258842115727570758022801889102482363336470599961149285e-2
4.906945461238083089502648761272375964981398453198022888321096955139404418711827985672803e-1 6.423728870188608772307038433127064181889793333130472314372511809359525025045055375411484e-1
5.462915867319421951381254253659357014489184301935434959698311983129955383478487336206286e-1 -1.482874140316483095396632951554480443631945628379683501750584865140970333818811670879433
2.174549515924371530560154629377806887408552609306661214936086987018343648503779109163584 -1.745307546756915416950097139016125362154309630971939597836315641536055502451131905511518e-1


1 4
5.225925783943874181368476928961427365804194706057432392480104711951709906783391546255594993572741499262879331715300333098150640986132265182105712242585127004834745450424743858029230554900312064323889112386142781326569229227440879705863075260184044504809315878954995144431441101731744167811277700935870137368024e-1 -9.065244033233812969305188368952223195386214296785809309559553850394553400258895716222395406863854684229333209554918444595857972030684854717342480402834919765717674595112836935624312456048485260512564957282629317828434498554958686638239262410039270340791520213017278296077829991626456530343324776748246687343953e-1
3.721953294937513933144977502485134974036536551621814265577330530350205456409139720474608173016503183861034892267066803770101645827905017805912859590186123510377270954056705722829826649272494869017140618935540856643849845950012215657832127217784220914197447184864736339596253362121271208718927223765868000691590e-1 4.702140670760756450660112374629930350948364762411245524279052864746044820885399967886088167397846296898487366474421696710097905989789257632943893129211642729128610202915315704113612358268506300863732119551467056459086171676673979663528486483381191282998588842778397642993421019248480406486964587224972295919703e-1
-7.021966128928395462758644440302698083341740108022020874782290556752607736353536360706892303250125125371597398655628510178367010396535395330169040429819734034417126207934877694508716095069768947427364212093466659234474413086135255412171150555373031824655698245898045756641691618113162937725481270913522044601893e-1 7.031541005443763904204077029445729569782387878587871124517220499022830834321113233193052088228816291059278084944995370785185644790582703028494400847682939305213851463355753865111339936991631978156096466199365567039940843887892818868153082279991728323785865821359070379680145953107227836606461408298980866452778e-1
-1.221330814106949392973068461502412364634763396071882463548289025078154248723287555566341382206409831543158940299350342588223424910171957995600558114533826142132660544151657812980476192762116908689925840099887987355916167546691509334535389884414388213518108070029547534824198653617630925861929930889560128591989e-1 -9.274608395504995594079876400943596614281655573120131489689434456022367232687504038207099545815608382846502452698849687339072863514211588063163305545632438411319090486337468480557035572719053465940035029596154397927618723348618854325106356101374078555252602563730472055413156899432525676987045772612146474766478e-1


1 4
-2.361218503811459269335926379628325137703453285261074698050372325891560676176332298213152215158644671328100934835570279795454733100003459329365562302527836345552628513429131357191151607866755045670723836360312639690557646802666140758901463962885150929059735537328608836772986706076365279652247948498229466639898e-1 -3.804638995448219515277730615653943821304017166389147442724186304852157489049178941305732946721302219264745066779750830101401547095154973117144063536636182125768048704973801301817338267421948255082848575474012766238409681964178790809708771015802278372101473509810139206363987236710406894738168820165518748257687e-1
4.235698739535829051322835886363699274660892812234115171607600733699965449381027547346211367386992070959266492700496721541234434962460933345443577876696936079610922144066948636390131676364314126903302538688642196167202270667595376827475018325744808621539112875170313798984881173561648060982450791973215571197541e-1 -4.157881385488949176853911701136243103107631142197397850113866556673013732306391883346604954831157293957749002107113437785690340172546044893845393451985208254314631782455987645321883555807756373056929720995166539331690006818494953409566153006317756357439612096978046497263830115787322761870273791291289960486801e-1
5.802486248715650414030429274609945971425327171035104591387033121929877661372070266159998885881968636907813525801941746392878516599499647786272986712902046998733154808731793557120594129296061776293387335238289758798017675478759971008907180596086551238056439813957273237252681003996399398397685643476242461490867e-1 4.086243179942741231153745175470529390317590931993834429702745353027585265851869937270482780281644582709243346092060951307475622762927175681231606413290733333813699901684470091598826799671602109076570747621831458088946726635045852390147465660679356905822634797494626144954663247899486863721131613325514757611936e-2
3.454040469435639617527496942527542289145501765782437569139104450125615934658518084689586231292867111724539663653245626651257349960969346488134743623013614750668917406684810288152971322088066278115519852027979987980689503483064583499352934910161252730047375249516647336590208302015108830277950544800145611760550e-2 3.281024749714138309463721590589566809474813822899780227364386795130950108639981053959186994123447495835387643227381509495583384167284341343936300746223588620591489961155090476498282736329885243094709039545225693499264084154389809948798977959765652864258845343881734097839278374042007059096178003261890731060871e-1


