6 1 -1

-2.6966192818441272157128160964218223129628758070748352231417 -1.3935496987490840724618999776765277239499492156058788146371
-1.9080504719815362385624678325015241811637803120928310920088 -3.3902244324964330801224268462871820471172675258386197208126e-1
-4.1655860811619610549494110262711676890118304740364769201271e-1 2.2503519596879640628152706814141071698025847897111227434611
-5.9448796892802362371524403121628090805808240762062699280397e-1 4.0046427311626898321485009726362459944753393528737875195991

4.2758846267895094648611578649238259884014638747914651610392e-3 -1.5274123084520622412928785088160792885541808018820702552703e-1
-1.2684850042438056268594257596032662192765321806595734616020 2.6481631346395281102993854604763540481952322889375515114214e-1
1.2574742027639783915057624460025134460103014882659878696633e-1 1.7849530192114329087738887322933921557349740682472387329873e-1
-5.2017811968129641053722829386453801400449234384096994263504e-1 5.0117855975406828922446482557509052748926792835290339664114e-1

-1.4267853406018904023251327696312254301060389008226838617444e-1 1.0838437572090827858924290243750255873764863964565764689778e-1
-1.3344316603393056903614429667376641423733845887612875655837 3.2409196345175715963624795186707925996778466456675558142769e-1
3.2943620572535984918383755418716003714082143478135334127456e-1 2.5007886945510357667429415391924575598006486904806713284350e-1
-1.6879076138875644655240343455169104224065394915451302950486e-1 5.3755514211621069464085822274161784744599351085796715177836e-1

1.2508736568572552064450714576120427846314763218670198615135e-1 2.4246369164109974560927131075648601749687295121634205262994e-1
-1.2720741698667000584494321373850976697867240346873081536433 3.8705857847957871388788850521363918212701743986908784918056e-1
3.9105246388415488537914237580302342506067823199070601719348e-1 4.3290200786048963668042335786357041443646310575297275919082e-2
-1.4945556871281130768122654702991432623752446408400205700811e-1 1.8502902227549483146684824984896126718038637533333939379211e-1

1.5429160204776838149251076436085528215093498013585506504508 -4.2841667028300815371412114524667333909853511319552545021657e-1
-8.1101406223428196649137168750962684411491029568281683022102e-1 3.3336552593506678817856931592515330017689467934480398686638e-1
-2.6250372112438991099622046358046617928485694859809093178265e-1 -8.7878266783604542716078607552346797870452629629069896271431e-1
-1.5404861190305996705841532152394167024077745080660535050578 -1.0335160240953063076117095109072816299160038637599016349093

5.9496309957075852597780087019053858210915511051741046914141e-1 3.2936880999129289121794403596305404493903403435733311345586e-1
-1.1485860333626535832708867937911417927412909911799331985850 4.5595631596885935401338814538922522730627571082856374960779e-1
3.9389072488019613073011619841692600049470944636425538576445e-1 -3.0100592288999654545564535334735876880751003771154544446069e-1
-2.7600038731340023208441891844641873811427061793430140554383e-1 -3.6394341780835034974612747146450569385879998256345032262491e-1


1 4
2.380243105144668135837213805494201883730362114112576244613197292116482816385641209519780069003806162379740806594012516986672439587666179243604907935946530631148235093205230864967733052019598770936378452359482739482163184100898659075854725978101657197321491375435283872879768682003832969199405000638762649397317e-1 -9.687680841772933459914113411494698642929103269537605474229581576056402084734600133755610206783994753889954502567996861972725243137934000251739612526904461106138126780537132465325939862441271423940060120361340144756960700753071022961824817594165133125692798463541234930027080738665430004352994295363067075684044e-1
5.317255973066339138101579532485252986120150299023491144801064042925323013142745482347060326031520596216829737999226949578490343934692806400594512838581032114606971766844505022413971535286071646480062100519561669771229836922356546949689927131159663540460591242277734604391139479520947483736425678609048074911621e-1 -5.625545032495539449935772495644564788249552634929729650259505773486170158023404677071775364664728395154792112787930179216609571042869444406721473317744492545028630978763625296844772403727045543395110022156184393603067542509679650896566146652657716513465363340867977037366487029172434423994084477617749492565128e-2
3.996432263214474253649090982931164789108630154546447928990425172489506678509308213535607252860707372236840475328270876485322801070345486163140872549099458802767934624902424074749446098181197923696825094767937591063694534578399073810754595391566166303506782774947828632574269055000286288057045557033348426019668e-1 -3.527279509713129093017106802357154024079636998481653771189803797598087725037634743105722518085433642008844196040832132142746046140153883392183478087602788115825097823110943207348314117328156898121870693313815005753550933681875917096076638408917151359732381911519811186984744194144389692080779978691220046656787e-1
-8.820305496646916199919110268897668524839879156938770228486701027085908153260757075540109211724481411301713711019431090959606282600181863080489408668071060509394334939113265390836452253643723840423940018494554850540547481517273994216405310801168528696672378696108627210184809956998495653760988513235496780713590e-1 -4.679255854897829539916259940088024253300564199083967822770283731219899205561341050137064218610053480448869462119982933827617852134071247552527030642844827209259993425829595619714272652075464455110069063564108114646100148651980011773683512548470357376617661076286872923931215036591373323339647215478387720141178e-1


1 4
6.372643394581858342593482552484379009110080927018458599559575078516870864561108948885708394363043633506092633114117241965870695506528069431991134249884720428541870102677814956555808026551836643614826031641476297135293692610832453430737500535182055257259327871697867614176704590801743290872301620790121428889703e-2 -2.986760489803941784153589347236330964856812180899222604226692305051271274396043912430449577056310645983447990222654157317196233169901712584018700811164629026644735963913411187666498353367815884264182536193201568378115261578308119917951909134365307123479191338807996306368295898177679811170376308230602011575961e-1
-4.188785566936262873934256486682820125781843526252875152266275740358938684848282536944566536868057051608545001050217179195302195107513039105423580622103285052475711725842108180155941109609959791693373850904528439921243585512187876480350770295473113684007109542596130876440479977268172335420302364095530389648292e-1 -1.378555474985123564212929869374615493967709257952336113164276839789581964033601456683419511198968633673768605124435933083587032017868316993341561986320177708362589345107703196708610463104047862888613322583774776712415954731877596801348747671041074727749757290352857985292112069153679975097974446943297030304969e-1
5.197453878816439535029155360018242672872721140208016214534211486131175127574103604830177035207613338801019955424840514410904661884672691621998513653298598120882642315815732906559107080446068039218653832847093281370274936188958343072480425827784754255722861094691291369313858168531063441604429707879024413738086e-1 1.477906464614808190716872550203957058154430164378687465093272098423327828021047311160896399823089285800572482002001231853286651689943686155286097419980071821166300961535395905595327542479161087782746132283141400029728598092254593324388674161996462996339997700492707526089380405893392999221723263596118095626837e-1
-5.949948590573403909277448749965209016210469187165492171146741844744811100699948767245615137883554324639382577943111334817475248733081127941541536453864607075136577016284461720484145718637261273559018437364574668472691738824453516499491230799829606215774402480636895758434739899162945644744827883306178357515349e-1 -2.574333631015083005680986190496150807788160735974041022840407025047859321381392215929837852711424117286700166716755276926340783606546360987520525786305218598895834729003433325468701617213368292958082424416590717506042575320399953325342992799214002044717586800911979365840673700783855754814243619274067122494098e-1


