6 1 -1

-2.8281581644487387369068181010199641835564663376177815342697 -1.3941337990815567289139633359462973526504456208759506024840
-1.9930528278272314486961582457377397069125047834993255900299 -4.0545529283216472040566713731868129656190136196801706683481e-1
-5.1418733667010658574683705219104901092910805641278550558855e-1 2.3460200710601129433272807536029316348115168182772980416670
-5.9112942212980597907859286794053904088833084015358387302442e-1 4.1949392969097319766847879059992050822931352702435899576058

3.9131639566753500147514960587383069903046677036791702228017e-3 -1.5232868152513204345619470394098344099784365866680229858630e-1
-1.2672404838374280291359319941137793056866704915101082909715 2.6169399046258980987831152512774734178042186477760684350548e-1
1.2368475986488882997621295598011436205039067731596932523389e-1 1.7375826035269127176209213785996099955946674361728475641576e-1
-5.2282662849915761389783214644773973701015645622985696800997e-1 4.9981023447444901089603338752964546655596320165299895171700e-1

-1.4051342476659646130989505970750008449367123778732360857939e-1 1.0732400087473573432530127738045032776889911857554642251535e-1
-1.3376275986534770439872963361245555945314898144082335999720 3.2507943717382281789973014237520318173412979440603739075611e-1
3.2569297347398187764482680129931019374820472412133820850551e-1 2.5444222063560683043934458692682789673801900352135198974020e-1
-1.6999379953811145542307073899355740195909472238109347163903e-1 5.3980226263405929407012636110694003892725531191703088893204e-1

1.2803660713994703245234843212657420497474286351362694729156e-1 2.3714822894422617603439998525189328379640945631077159643333e-1
-1.2700499611588821964354529829703965831094672199277732828456 3.9198196558949611406788478608544391361402505032230967131905e-1
3.9494416587246572365679325610647408737149016493456623692700e-1 4.7333661868234622071334825532069716402587620801126717070386e-2
-1.5020064233434847415087555258343717722504245915947428665535e-1 1.8386528323830850624343983600744205086735797050226304129722e-1

1.4549616612824534566550661450122983767439295756242155103338 -4.7053475319720005977783392959608715501091757932484291894832e-1
-7.9673842188588456142686091753895786955753914239863972861616e-1 3.1566021665877444660491473294664058092483246422389782012248e-1
-2.4259033218889503900349366988022484502363511476651542977379e-1 -8.5029424053537973755299406147923153297221615183816835886672e-1
-1.5408030442933512048332411149582642080363123319047961866037 -9.5474971008436603553441228785276541292080486306287754505246e-1

6.0255407026522194524665041882738449910987485980272579905298e-1 3.2036139887602190278609316746512420784235380912090007638512e-1
-1.1355382721895452985826263673755683363716453518609534778479 4.6610927499551043195695690071210803297639950756936862068342e-1
4.1115652046219959144497721479711034894101721081587971008281e-1 -3.0499835017754921917899668224887822386731814620597134024917e-1
-2.7649565207971459433999220912664432040900030109225025760781e-1 -3.7787402441047516301863099014357496786848964867579177450023e-1


1 4
2.380243105144668135837213805494201883730362114112576244613197292116482816385641209519780069003806162379740806594012516986672439587666179243604907935946530631148235093205230864967733052019598770936378452359482739482163184100898659075854725978101657197321491375435283872879768682003832969199405000638762649397317e-1 -9.687680841772933459914113411494698642929103269537605474229581576056402084734600133755610206783994753889954502567996861972725243137934000251739612526904461106138126780537132465325939862441271423940060120361340144756960700753071022961824817594165133125692798463541234930027080738665430004352994295363067075684044e-1
5.317255973066339138101579532485252986120150299023491144801064042925323013142745482347060326031520596216829737999226949578490343934692806400594512838581032114606971766844505022413971535286071646480062100519561669771229836922356546949689927131159663540460591242277734604391139479520947483736425678609048074911621e-1 -5.625545032495539449935772495644564788249552634929729650259505773486170158023404677071775364664728395154792112787930179216609571042869444406721473317744492545028630978763625296844772403727045543395110022156184393603067542509679650896566146652657716513465363340867977037366487029172434423994084477617749492565128e-2
3.996432263214474253649090982931164789108630154546447928990425172489506678509308213535607252860707372236840475328270876485322801070345486163140872549099458802767934624902424074749446098181197923696825094767937591063694534578399073810754595391566166303506782774947828632574269055000286288057045557033348426019668e-1 -3.527279509713129093017106802357154024079636998481653771189803797598087725037634743105722518085433642008844196040832132142746046140153883392183478087602788115825097823110943207348314117328156898121870693313815005753550933681875917096076638408917151359732381911519811186984744194144389692080779978691220046656787e-1
-8.820305496646916199919110268897668524839879156938770228486701027085908153260757075540109211724481411301713711019431090959606282600181863080489408668071060509394334939113265390836452253643723840423940018494554850540547481517273994216405310801168528696672378696108627210184809956998495653760988513235496780713590e-1 -4.679255854897829539916259940088024253300564199083967822770283731219899205561341050137064218610053480448869462119982933827617852134071247552527030642844827209259993425829595619714272652075464455110069063564108114646100148651980011773683512548470357376617661076286872923931215036591373323339647215478387720141178e-1


1 4
6.372643394581858342593482552484379009110080927018458599559575078516870864561108948885708394363043633506092633114117241965870695506528069431991134249884720428541870102677814956555808026551836643614826031641476297135293692610832453430737500535182055257259327871697867614176704590801743290872301620790121428889703e-2 -2.986760489803941784153589347236330964856812180899222604226692305051271274396043912430449577056310645983447990222654157317196233169901712584018700811164629026644735963913411187666498353367815884264182536193201568378115261578308119917951909134365307123479191338807996306368295898177679811170376308230602011575961e-1
-4.188785566936262873934256486682820125781843526252875152266275740358938684848282536944566536868057051608545001050217179195302195107513039105423580622103285052475711725842108180155941109609959791693373850904528439921243585512187876480350770295473113684007109542596130876440479977268172335420302364095530389648292e-1 -1.378555474985123564212929869374615493967709257952336113164276839789581964033601456683419511198968633673768605124435933083587032017868316993341561986320177708362589345107703196708610463104047862888613322583774776712415954731877596801348747671041074727749757290352857985292112069153679975097974446943297030304969e-1
5.197453878816439535029155360018242672872721140208016214534211486131175127574103604830177035207613338801019955424840514410904661884672691621998513653298598120882642315815732906559107080446068039218653832847093281370274936188958343072480425827784754255722861094691291369313858168531063441604429707879024413738086e-1 1.477906464614808190716872550203957058154430164378687465093272098423327828021047311160896399823089285800572482002001231853286651689943686155286097419980071821166300961535395905595327542479161087782746132283141400029728598092254593324388674161996462996339997700492707526089380405893392999221723263596118095626837e-1
-5.949948590573403909277448749965209016210469187165492171146741844744811100699948767245615137883554324639382577943111334817475248733081127941541536453864607075136577016284461720484145718637261273559018437364574668472691738824453516499491230799829606215774402480636895758434739899162945644744827883306178357515349e-1 -2.574333631015083005680986190496150807788160735974041022840407025047859321381392215929837852711424117286700166716755276926340783606546360987520525786305218598895834729003433325468701617213368292958082424416590717506042575320399953325342992799214002044717586800911979365840673700783855754814243619274067122494098e-1


