6 1 -1

-1.4104880779512658006408129252169854022294271514286268569769 -8.4584929563882841265839337288023134566284428018617488319480e-1
-1.2374024211961442647484291287439687979999713004025730962245 4.1444549716243242012474407731219498452699903580781141173539e-1
7.5326001283198252778584038058199290780940836030586964347335e-1 1.3279818872618360809966384292076098571991068194290828177042
-9.5393769873640001644750060370652208244481921082859129437911e-2 2.0007757542451242204102970951253664435373400553808974035048

1.3347927706948885089196381300389486516671131536306955423066e-2 -1.5934132396368105599197949893608009552337482267723746097270e-1
-1.2915119703068301186662792382816172666382211012527198173375 3.1590670152457404774088937899907789820024765256932991897805e-1
1.5518477817089370210287038913164080332340472238079576080662e-1 2.5762446553017323543595475846661698485220430786577175753488e-1
-4.7864624340634543802218054662404122128937113184684480777188e-1 5.2374920522578859314505376215470340235891911625502560819646e-1

-2.1314340739052128918179602435405646816819271622101044571271e-1 1.2744030829902534158055405203458501797087183087319555952908e-1
-1.2665561824787749833708558770123099086862388238928639147650 3.0865039625178843296755166898638425523534226022439692408447e-1
4.2678076767743614911638477629793890585493061948337535839676e-1 1.7647528687153590423204604412618082244783782631053125083686e-1
-1.2608345143601414044561106551134173873026691406476228692548e-1 5.1151941050145874815160765535512444976071108003445574364737e-1

8.1867521119800538670939156682029499704375933174010227394988e-3 2.7904348407628698996637017981352855487198569451229526729874e-1
-1.2731140856692364094269464374602927394519945409129347280178 2.9073349155092126014340499107885085391705560469465751039195e-1
3.5381517483116165934412297498688691890641777303718167062581e-1 -1.8407425431881291158680457285157505177433435970794300129627e-2
-1.5260373608649953206371716768678893927733110833143058320836e-1 2.5390095899818522730857075745668466084257398197729951387407e-1

1.8279507786901801997622523680548790830047023583161261573368 1.7469174893414629518097966132944814414986351850568619239069
-1.3178920949675823048960917693255117126369921807480505928789 1.3060065683176369274519597469162866796308774329541034480880e-1
-1.4744269352915567298899551569751348601184354443539146939249e-1 -1.7612903764489215642086729873447227521982855511684440268028
-2.0761502380637902250208287366711056017972256343101046797265e-1 -2.0024266119018127228836003866834476705426508160100490334167

4.4077114979979112861594717540543034748045603032760425094227e-1 4.0493737504621635637389733472715411006466129313634207418777e-1
-1.2929668711774570423384463665255785200306400275713258229585 2.6558360660461828831373010979616084830972373863056803256036e-1
1.3526703551215563274601638577724355640390798069567326303869e-1 -2.9110659696178290133101679866830876511298882321595365681311e-1
-3.2992526581139155315754559832157041031918034985871994113177e-1 -1.4323406163654548786507642456089586200498951929835223653549e-1


1 4
2.380243105144668135837213805494201883730362114112576244613197292116482816385641209519780069003806162379740806594012516986672439587666179243604907935946530631148235093205230864967733052019598770936378452359482739482163184100898659075854725978101657197321491375435283872879768682003832969199405000638762649397317e-1 -9.687680841772933459914113411494698642929103269537605474229581576056402084734600133755610206783994753889954502567996861972725243137934000251739612526904461106138126780537132465325939862441271423940060120361340144756960700753071022961824817594165133125692798463541234930027080738665430004352994295363067075684044e-1
5.317255973066339138101579532485252986120150299023491144801064042925323013142745482347060326031520596216829737999226949578490343934692806400594512838581032114606971766844505022413971535286071646480062100519561669771229836922356546949689927131159663540460591242277734604391139479520947483736425678609048074911621e-1 -5.625545032495539449935772495644564788249552634929729650259505773486170158023404677071775364664728395154792112787930179216609571042869444406721473317744492545028630978763625296844772403727045543395110022156184393603067542509679650896566146652657716513465363340867977037366487029172434423994084477617749492565128e-2
3.996432263214474253649090982931164789108630154546447928990425172489506678509308213535607252860707372236840475328270876485322801070345486163140872549099458802767934624902424074749446098181197923696825094767937591063694534578399073810754595391566166303506782774947828632574269055000286288057045557033348426019668e-1 -3.527279509713129093017106802357154024079636998481653771189803797598087725037634743105722518085433642008844196040832132142746046140153883392183478087602788115825097823110943207348314117328156898121870693313815005753550933681875917096076638408917151359732381911519811186984744194144389692080779978691220046656787e-1
-8.820305496646916199919110268897668524839879156938770228486701027085908153260757075540109211724481411301713711019431090959606282600181863080489408668071060509394334939113265390836452253643723840423940018494554850540547481517273994216405310801168528696672378696108627210184809956998495653760988513235496780713590e-1 -4.679255854897829539916259940088024253300564199083967822770283731219899205561341050137064218610053480448869462119982933827617852134071247552527030642844827209259993425829595619714272652075464455110069063564108114646100148651980011773683512548470357376617661076286872923931215036591373323339647215478387720141178e-1


1 4
6.372643394581858342593482552484379009110080927018458599559575078516870864561108948885708394363043633506092633114117241965870695506528069431991134249884720428541870102677814956555808026551836643614826031641476297135293692610832453430737500535182055257259327871697867614176704590801743290872301620790121428889703e-2 -2.986760489803941784153589347236330964856812180899222604226692305051271274396043912430449577056310645983447990222654157317196233169901712584018700811164629026644735963913411187666498353367815884264182536193201568378115261578308119917951909134365307123479191338807996306368295898177679811170376308230602011575961e-1
-4.188785566936262873934256486682820125781843526252875152266275740358938684848282536944566536868057051608545001050217179195302195107513039105423580622103285052475711725842108180155941109609959791693373850904528439921243585512187876480350770295473113684007109542596130876440479977268172335420302364095530389648292e-1 -1.378555474985123564212929869374615493967709257952336113164276839789581964033601456683419511198968633673768605124435933083587032017868316993341561986320177708362589345107703196708610463104047862888613322583774776712415954731877596801348747671041074727749757290352857985292112069153679975097974446943297030304969e-1
5.197453878816439535029155360018242672872721140208016214534211486131175127574103604830177035207613338801019955424840514410904661884672691621998513653298598120882642315815732906559107080446068039218653832847093281370274936188958343072480425827784754255722861094691291369313858168531063441604429707879024413738086e-1 1.477906464614808190716872550203957058154430164378687465093272098423327828021047311160896399823089285800572482002001231853286651689943686155286097419980071821166300961535395905595327542479161087782746132283141400029728598092254593324388674161996462996339997700492707526089380405893392999221723263596118095626837e-1
-5.949948590573403909277448749965209016210469187165492171146741844744811100699948767245615137883554324639382577943111334817475248733081127941541536453864607075136577016284461720484145718637261273559018437364574668472691738824453516499491230799829606215774402480636895758434739899162945644744827883306178357515349e-1 -2.574333631015083005680986190496150807788160735974041022840407025047859321381392215929837852711424117286700166716755276926340783606546360987520525786305218598895834729003433325468701617213368292958082424416590717506042575320399953325342992799214002044717586800911979365840673700783855754814243619274067122494098e-1


