6 1 -1

-1.3094033980328065887106212726242971633317847135451950802269 -7.3336968943571265706286812890835238187699733391658856512884e-1
-1.1811348165467986643419639101911489637099963140265929931097 4.7515800723227222911018123755572000753274595312123784864239e-1
8.8343323878529782410285855136687926141409575803699068620190e-1 1.2162415493815832051609617645742021676407727640628216782327
7.0702720991327423339035169909192198197324719154030559967747e-4 1.7994474431569818988514626755216791580600644151941741232773

1.5632650666824293189943636271394322555182539393109078441368e-2 -1.6022712377094802227398810419897081905573300339039176002970e-1
-1.2962186884786582832700030285761617410227004341017980415616 3.2458612172001103822277862431000344912789783513135072139810e-1
1.5908956288302132334707343013688509628353608903970022332619e-1 2.7154068395789155428645016761176673415773119042401844234351e-1
-4.7186651265239007401611465764871878141593787019281223134425e-1 5.2768039117379782212742728512276519594713393325384479303613e-1

-2.3878351632929576623939215993365809051075678012982981564084e-1 1.2300475325434405159057738566153887372841702828225703606654e-1
-1.2489209485851261495832443077560522945151466510607611640440 3.0843875191304461502900086600794377610375220888214903777854e-1
4.5603229698102501339583972169481672868825408976928072340500e-1 1.6965623605391510610254208266160474891372868475212564157336e-1
-1.1426144286683264752896157695234398285636131254110307605359e-1 5.1617241804600556098541367064448130938476217507095081973169e-1

-1.0022645362070860387651076526054100474678123636986585494583e-2 2.6391966799058737244853788100563230336717270488282182206277e-1
-1.2661005606191955028379115116040918777731160199988861839140 2.7763534637892280011707628642978042567310172230587519464973e-1
3.4782275393530489915723640156575637232032634967849625660681e-1 -2.3668258949883901739620116072781817314060545602923058499888e-2
-1.6737290220944926120646984943010868297527572536320957235501e-1 2.6932422036673412089703062991573933277845213208031666957461e-1

1.4549928493856279154208251475859351486006215708310515030566 2.0187596955746950745365804694011325661302029971513546084802
-1.3215002870085532492651521715307512573070556614818438711312 -1.7293979813994109085221684086236904163049267440002688812742e-2
-3.0086030183429083095898153999414114324803280751514611480662e-3 -1.8757177185221551926661729990598837310857214028116349356116
7.0908827533077826188655677933720079737703845417299955504351e-2 -1.8657262224528965518118805080471517284397638866489661102089

4.1571581420934747887284774405393333078830891827148361164598e-1 4.0976899768716713690252979289421172738561103354900428107360e-1
-1.3055318136037118812853471811182932023264903670331104573109 2.3364452912743370090755473068641760940716509482389857935541e-1
9.9713668799148221503501420545053984249497150359315434610788e-2 -2.9961445191627863436158552843548179472366938061971984660268e-1
-3.4520380645275868004187586735361967936634874176851957301874e-1 -1.1439531651133282345787046252071034041643133490339539326980e-1


1 4
2.380243105144668135837213805494201883730362114112576244613197292116482816385641209519780069003806162379740806594012516986672439587666179243604907935946530631148235093205230864967733052019598770936378452359482739482163184100898659075854725978101657197321491375435283872879768682003832969199405000638762649397317e-1 -9.687680841772933459914113411494698642929103269537605474229581576056402084734600133755610206783994753889954502567996861972725243137934000251739612526904461106138126780537132465325939862441271423940060120361340144756960700753071022961824817594165133125692798463541234930027080738665430004352994295363067075684044e-1
5.317255973066339138101579532485252986120150299023491144801064042925323013142745482347060326031520596216829737999226949578490343934692806400594512838581032114606971766844505022413971535286071646480062100519561669771229836922356546949689927131159663540460591242277734604391139479520947483736425678609048074911621e-1 -5.625545032495539449935772495644564788249552634929729650259505773486170158023404677071775364664728395154792112787930179216609571042869444406721473317744492545028630978763625296844772403727045543395110022156184393603067542509679650896566146652657716513465363340867977037366487029172434423994084477617749492565128e-2
3.996432263214474253649090982931164789108630154546447928990425172489506678509308213535607252860707372236840475328270876485322801070345486163140872549099458802767934624902424074749446098181197923696825094767937591063694534578399073810754595391566166303506782774947828632574269055000286288057045557033348426019668e-1 -3.527279509713129093017106802357154024079636998481653771189803797598087725037634743105722518085433642008844196040832132142746046140153883392183478087602788115825097823110943207348314117328156898121870693313815005753550933681875917096076638408917151359732381911519811186984744194144389692080779978691220046656787e-1
-8.820305496646916199919110268897668524839879156938770228486701027085908153260757075540109211724481411301713711019431090959606282600181863080489408668071060509394334939113265390836452253643723840423940018494554850540547481517273994216405310801168528696672378696108627210184809956998495653760988513235496780713590e-1 -4.679255854897829539916259940088024253300564199083967822770283731219899205561341050137064218610053480448869462119982933827617852134071247552527030642844827209259993425829595619714272652075464455110069063564108114646100148651980011773683512548470357376617661076286872923931215036591373323339647215478387720141178e-1


1 4
6.372643394581858342593482552484379009110080927018458599559575078516870864561108948885708394363043633506092633114117241965870695506528069431991134249884720428541870102677814956555808026551836643614826031641476297135293692610832453430737500535182055257259327871697867614176704590801743290872301620790121428889703e-2 -2.986760489803941784153589347236330964856812180899222604226692305051271274396043912430449577056310645983447990222654157317196233169901712584018700811164629026644735963913411187666498353367815884264182536193201568378115261578308119917951909134365307123479191338807996306368295898177679811170376308230602011575961e-1
-4.188785566936262873934256486682820125781843526252875152266275740358938684848282536944566536868057051608545001050217179195302195107513039105423580622103285052475711725842108180155941109609959791693373850904528439921243585512187876480350770295473113684007109542596130876440479977268172335420302364095530389648292e-1 -1.378555474985123564212929869374615493967709257952336113164276839789581964033601456683419511198968633673768605124435933083587032017868316993341561986320177708362589345107703196708610463104047862888613322583774776712415954731877596801348747671041074727749757290352857985292112069153679975097974446943297030304969e-1
5.197453878816439535029155360018242672872721140208016214534211486131175127574103604830177035207613338801019955424840514410904661884672691621998513653298598120882642315815732906559107080446068039218653832847093281370274936188958343072480425827784754255722861094691291369313858168531063441604429707879024413738086e-1 1.477906464614808190716872550203957058154430164378687465093272098423327828021047311160896399823089285800572482002001231853286651689943686155286097419980071821166300961535395905595327542479161087782746132283141400029728598092254593324388674161996462996339997700492707526089380405893392999221723263596118095626837e-1
-5.949948590573403909277448749965209016210469187165492171146741844744811100699948767245615137883554324639382577943111334817475248733081127941541536453864607075136577016284461720484145718637261273559018437364574668472691738824453516499491230799829606215774402480636895758434739899162945644744827883306178357515349e-1 -2.574333631015083005680986190496150807788160735974041022840407025047859321381392215929837852711424117286700166716755276926340783606546360987520525786305218598895834729003433325468701617213368292958082424416590717506042575320399953325342992799214002044717586800911979365840673700783855754814243619274067122494098e-1


