6 1 -1

-1.3094033980328065887428837749114579034412024048183692796659 -7.3336968943571265710286605245677532370941310914808988534846e-1
-1.1811348165467986643615302171687793233653800152698936220764 4.7515800723227222909111777755916079454687128602697974297998e-1
8.8343323878529782405809968453409266945367220755883725698920e-1 1.2162415493815832052010226070974805015047040574432792019900
7.0702720991327419972088431520222730366835955556966054010541e-4 1.7994474431569818989197722585811564571454376816883071796698

1.5632650666824293189076301514867268321169279142933814664850e-2 -1.6022712377094802227369800266387225298875182018123052536891e-1
-1.2962186884786582832682508350518349957133577442137388032058 3.2458612172001103821965970997887818553474357419958013394479e-1
1.5908956288302132334574380058168364117226598647597273349706e-1 2.7154068395789155428141353141786085484573401322933342326154e-1
-4.7186651265239007401854403371804626255767022347925942779075e-1 5.2768039117379782212600468997139992024066906656596970587366e-1

-2.3878351632929576622942757145469452665563802486735060566653e-1 1.2300475325434405159379548388421600530454925907137793285201e-1
-1.2489209485851261495900620267895221018300331649920736497180 3.0843875191304461502854359921625049602284774510156219067670e-1
4.5603229698102501338457042782011365328049202247194355584280e-1 1.6965623605391510610380909129227958602550850382544759755923e-1
-1.1426144286683264753292632134746928345299508063004221503751e-1 5.1617241804600556098268083493086884269290908656938225137107e-1

-1.0022645362070860382476913666499959936992795036723194407720e-2 2.6391966799058737245457826377094652106181575435143124938033e-1
-1.2661005606191955028404881814948797777765617833014803609116 2.7763534637892280012135592604634980166464486825579200824354e-1
3.4782275393530489915982869499708960583068675385802533950245e-1 -2.3668258949883901737772865110195657621263921333639196764387e-2
-1.6737290220944926120033347090236500683609890172426292153071e-1 2.6932422036673412089226689267998528850814349483915988208868e-1

1.4549928493856279155624830832554153718627646540635979169894 2.0187596955746950744634374016982039724963849257302001174145
-1.3215002870085532492729496187821775542358456948539035963067 -1.7293979813994109032780913691182046880745639017264991983268e-2
-3.0086030183429083640964609372121012724068643655853035072654e-3 -1.8757177185221551926314450652451789909386018271593259228224
7.0908827533077826102550273318294292250259591471040058443994e-2 -1.8657262224528965518718841480363051855091680266015550471953

4.1571581420934747888181498814752020327543546567794317709872e-1 4.0976899768716713690097888081692842655764437939130398477086e-1
-1.3055318136037118812813545099676963124267898079794718527270 2.3364452912743370091893194092791137118317186474520843985212e-1
9.9713668799148221515728197481471261161234205050672027328062e-2 -2.9961445191627863435808772409850566036940858368816592131674e-1
-3.4520380645275868003634226200088018675644963269835514917445e-1 -1.1439531651133282346777438019607822124206369510667205846035e-1


1 4
2.380243105144668135837213805494201883730362114112576244613197292116482816385641209519780069003806162379740806594012516986672439587666179243604907935946530631148235093205230864967733052019598770936378452359482739482163184100898659075854725978101657197321491375435283872879768682003832969199405000638762649397317e-1 -9.687680841772933459914113411494698642929103269537605474229581576056402084734600133755610206783994753889954502567996861972725243137934000251739612526904461106138126780537132465325939862441271423940060120361340144756960700753071022961824817594165133125692798463541234930027080738665430004352994295363067075684044e-1
5.317255973066339138101579532485252986120150299023491144801064042925323013142745482347060326031520596216829737999226949578490343934692806400594512838581032114606971766844505022413971535286071646480062100519561669771229836922356546949689927131159663540460591242277734604391139479520947483736425678609048074911621e-1 -5.625545032495539449935772495644564788249552634929729650259505773486170158023404677071775364664728395154792112787930179216609571042869444406721473317744492545028630978763625296844772403727045543395110022156184393603067542509679650896566146652657716513465363340867977037366487029172434423994084477617749492565128e-2
3.996432263214474253649090982931164789108630154546447928990425172489506678509308213535607252860707372236840475328270876485322801070345486163140872549099458802767934624902424074749446098181197923696825094767937591063694534578399073810754595391566166303506782774947828632574269055000286288057045557033348426019668e-1 -3.527279509713129093017106802357154024079636998481653771189803797598087725037634743105722518085433642008844196040832132142746046140153883392183478087602788115825097823110943207348314117328156898121870693313815005753550933681875917096076638408917151359732381911519811186984744194144389692080779978691220046656787e-1
-8.820305496646916199919110268897668524839879156938770228486701027085908153260757075540109211724481411301713711019431090959606282600181863080489408668071060509394334939113265390836452253643723840423940018494554850540547481517273994216405310801168528696672378696108627210184809956998495653760988513235496780713590e-1 -4.679255854897829539916259940088024253300564199083967822770283731219899205561341050137064218610053480448869462119982933827617852134071247552527030642844827209259993425829595619714272652075464455110069063564108114646100148651980011773683512548470357376617661076286872923931215036591373323339647215478387720141178e-1


1 4
6.372643394581858342593482552484379009110080927018458599559575078516870864561108948885708394363043633506092633114117241965870695506528069431991134249884720428541870102677814956555808026551836643614826031641476297135293692610832453430737500535182055257259327871697867614176704590801743290872301620790121428889703e-2 -2.986760489803941784153589347236330964856812180899222604226692305051271274396043912430449577056310645983447990222654157317196233169901712584018700811164629026644735963913411187666498353367815884264182536193201568378115261578308119917951909134365307123479191338807996306368295898177679811170376308230602011575961e-1
-4.188785566936262873934256486682820125781843526252875152266275740358938684848282536944566536868057051608545001050217179195302195107513039105423580622103285052475711725842108180155941109609959791693373850904528439921243585512187876480350770295473113684007109542596130876440479977268172335420302364095530389648292e-1 -1.378555474985123564212929869374615493967709257952336113164276839789581964033601456683419511198968633673768605124435933083587032017868316993341561986320177708362589345107703196708610463104047862888613322583774776712415954731877596801348747671041074727749757290352857985292112069153679975097974446943297030304969e-1
5.197453878816439535029155360018242672872721140208016214534211486131175127574103604830177035207613338801019955424840514410904661884672691621998513653298598120882642315815732906559107080446068039218653832847093281370274936188958343072480425827784754255722861094691291369313858168531063441604429707879024413738086e-1 1.477906464614808190716872550203957058154430164378687465093272098423327828021047311160896399823089285800572482002001231853286651689943686155286097419980071821166300961535395905595327542479161087782746132283141400029728598092254593324388674161996462996339997700492707526089380405893392999221723263596118095626837e-1
-5.949948590573403909277448749965209016210469187165492171146741844744811100699948767245615137883554324639382577943111334817475248733081127941541536453864607075136577016284461720484145718637261273559018437364574668472691738824453516499491230799829606215774402480636895758434739899162945644744827883306178357515349e-1 -2.574333631015083005680986190496150807788160735974041022840407025047859321381392215929837852711424117286700166716755276926340783606546360987520525786305218598895834729003433325468701617213368292958082424416590717506042575320399953325342992799214002044717586800911979365840673700783855754814243619274067122494098e-1


