6 1 -1

-1.4133624415827916409015047353060962466789824422672239227330 -8.4873232640925388990420145054971773067336787742432531565964e-1
-1.2388952065238620825518295761292405766983355052657192587150 4.1269472957270526136572006153106929059177866119949588258686e-1
7.4978841881716964716381040077040789218999729828328637280619e-1 1.3308403397506031004937155814889853764222482538622816844419
-9.7896712621296997192339300918708551963708992642011368509088e-2 2.0062058270203680490467426460038526147335173597758254126641

1.3293204368746864165800198590931868149150172300845110309505e-2 -1.5931702237070722525203208965691462413225943466485874950652e-1
-1.2913966148369986238040796424138239485468833981832975325706 3.1568632507458192668035502493464723477745012557873251156780e-1
1.5508049581211986178678386664106295600531159091682717698480e-1 2.5727357211552366335574156116354537871531378692994997150269e-1
-4.7881901947168133777736926938605543054935193269960724005946e-1 5.2365003279680580976080721629892954516595682876677837075570e-1

-2.1255925870603058394233605676482282498992887515742377791810e-1 1.2745754330655662650195615827671448768981951213469628394876e-1
-1.2669683788598211688496701073087919074056164071791549348694 3.0868555987012461140254802302996651665848193611399855306544e-1
4.2610026239726935959449341302655005807160767482254220887015e-1 1.7671833603884851983600965100779733740029359664567384022648e-1
-1.2638836880702341314208905817775842918242904025537288020256e-1 5.1147397926742174997679092369923069788969974247003990631868e-1

8.7409668927910742649667157355262534619462988069698332846785e-3 2.7936155696540627163609475925752303084329008415862389470132e-1
-1.2732819556165420924696923024276847946835610162162734368948 2.9109863896330418116517728851737705562328894276181464625415e-1
3.5393720748954719497340006478749360652829246259863065683952e-1 -1.8261282681363242935713396932996891560075508666502262655228e-2
-1.5230013864879776227486627218637701539484967844672663619584e-1 2.5346526540001409775429842472615725282254639141737619214743e-1

1.8365705830118632282920916529875433821878263326057038550057 1.7382320071147860772627177832193574961635231585130483430333
-1.3171156743596938112480604029440328333771035617052078963707 1.3430680763827073506289654467178370113378534880573598388322e-1
-1.5086039367989072863806670108794315987822342975070430267038e-1 -1.7579128681646264696285163681415468849150356276646107595236
-2.1563488146431428804408789089813910782647254825821168588518e-1 -2.0049015336702933212057614229947364771248196959872069533576

4.4141200642583811155122984784839248401754168709219681934010e-1 4.0480117059034254737865769194905333329728937709534228772678e-1
-1.2926093405030362128430476937860982418982257829465305006356 2.6640179725283111675933340797880792835995927407453191649591e-1
1.3620907175289321614635803789889896414217748433153075633686e-1 -2.9092418746113878675364392457532500949644943756910584880454e-1
-3.2954172300849183854443970578457419498749645082097203740419e-1 -1.4400180696913146556860259844952582384382121852954664376526e-1


1 4
2.380243105144668135837213805494201883730362114112576244613197292116482816385641209519780069003806162379740806594012516986672439587666179243604907935946530631148235093205230864967733052019598770936378452359482739482163184100898659075854725978101657197321491375435283872879768682003832969199405000638762649397317e-1 -9.687680841772933459914113411494698642929103269537605474229581576056402084734600133755610206783994753889954502567996861972725243137934000251739612526904461106138126780537132465325939862441271423940060120361340144756960700753071022961824817594165133125692798463541234930027080738665430004352994295363067075684044e-1
5.317255973066339138101579532485252986120150299023491144801064042925323013142745482347060326031520596216829737999226949578490343934692806400594512838581032114606971766844505022413971535286071646480062100519561669771229836922356546949689927131159663540460591242277734604391139479520947483736425678609048074911621e-1 -5.625545032495539449935772495644564788249552634929729650259505773486170158023404677071775364664728395154792112787930179216609571042869444406721473317744492545028630978763625296844772403727045543395110022156184393603067542509679650896566146652657716513465363340867977037366487029172434423994084477617749492565128e-2
3.996432263214474253649090982931164789108630154546447928990425172489506678509308213535607252860707372236840475328270876485322801070345486163140872549099458802767934624902424074749446098181197923696825094767937591063694534578399073810754595391566166303506782774947828632574269055000286288057045557033348426019668e-1 -3.527279509713129093017106802357154024079636998481653771189803797598087725037634743105722518085433642008844196040832132142746046140153883392183478087602788115825097823110943207348314117328156898121870693313815005753550933681875917096076638408917151359732381911519811186984744194144389692080779978691220046656787e-1
-8.820305496646916199919110268897668524839879156938770228486701027085908153260757075540109211724481411301713711019431090959606282600181863080489408668071060509394334939113265390836452253643723840423940018494554850540547481517273994216405310801168528696672378696108627210184809956998495653760988513235496780713590e-1 -4.679255854897829539916259940088024253300564199083967822770283731219899205561341050137064218610053480448869462119982933827617852134071247552527030642844827209259993425829595619714272652075464455110069063564108114646100148651980011773683512548470357376617661076286872923931215036591373323339647215478387720141178e-1


1 4
6.372643394581858342593482552484379009110080927018458599559575078516870864561108948885708394363043633506092633114117241965870695506528069431991134249884720428541870102677814956555808026551836643614826031641476297135293692610832453430737500535182055257259327871697867614176704590801743290872301620790121428889703e-2 -2.986760489803941784153589347236330964856812180899222604226692305051271274396043912430449577056310645983447990222654157317196233169901712584018700811164629026644735963913411187666498353367815884264182536193201568378115261578308119917951909134365307123479191338807996306368295898177679811170376308230602011575961e-1
-4.188785566936262873934256486682820125781843526252875152266275740358938684848282536944566536868057051608545001050217179195302195107513039105423580622103285052475711725842108180155941109609959791693373850904528439921243585512187876480350770295473113684007109542596130876440479977268172335420302364095530389648292e-1 -1.378555474985123564212929869374615493967709257952336113164276839789581964033601456683419511198968633673768605124435933083587032017868316993341561986320177708362589345107703196708610463104047862888613322583774776712415954731877596801348747671041074727749757290352857985292112069153679975097974446943297030304969e-1
5.197453878816439535029155360018242672872721140208016214534211486131175127574103604830177035207613338801019955424840514410904661884672691621998513653298598120882642315815732906559107080446068039218653832847093281370274936188958343072480425827784754255722861094691291369313858168531063441604429707879024413738086e-1 1.477906464614808190716872550203957058154430164378687465093272098423327828021047311160896399823089285800572482002001231853286651689943686155286097419980071821166300961535395905595327542479161087782746132283141400029728598092254593324388674161996462996339997700492707526089380405893392999221723263596118095626837e-1
-5.949948590573403909277448749965209016210469187165492171146741844744811100699948767245615137883554324639382577943111334817475248733081127941541536453864607075136577016284461720484145718637261273559018437364574668472691738824453516499491230799829606215774402480636895758434739899162945644744827883306178357515349e-1 -2.574333631015083005680986190496150807788160735974041022840407025047859321381392215929837852711424117286700166716755276926340783606546360987520525786305218598895834729003433325468701617213368292958082424416590717506042575320399953325342992799214002044717586800911979365840673700783855754814243619274067122494098e-1


