6 1 -1

-1.3671912276898869260685080982951199868557326044159739440473 -8.0050446886659712968925542097609058074039247898562657298112e-1
-1.2143254034851214988024414540681277566592240991371078703757 4.4067072152750538976698124841796341215984296269014485145841e-1
8.0689039283159066348448684826056100440904935526305912013073e-1 1.2830597519746317293162177727682870682932671399702342150176
-5.6295878880098191992759561765970513348768742349103213246502e-2 1.9172529270898553632497848580303418585468197292870069969545

1.4233018186419167931233413536792323399602453073285083593917e-2 -1.5971390764322905705731076085287467990333126705636364057442e-1
-1.2933591093531640499777417912398684508497186672205270103808 3.1938531186917599468840018802055208322101171208189804986843e-1
1.5679788563564792777110653894121845061236898755872364872296e-1 2.6317876695617442814016056714937596246042395299906652449751e-1
-4.7592364561810731270107805693788246618569579970661422606027e-1 5.2531856595610891853463710070742476771840654356764435080717e-1

-2.2283832630552268966819152708856484899843220488786727569720e-1 1.2662910239491520999838403431299912096261841000871947619373e-1
-1.2598170101505227236392582012419977920100381130925009430858 3.0825845151738852755485253541110904193874928764483025867033e-1
4.3795091062753333158395240251046801089619444791436960715482e-1 1.7303622456229604367898586476166147646572959386462142856238e-1
-1.2124566212965426611306690026749254363157285284186289928642e-1 5.1269099587396584476820893570465299074223864590588537818493e-1

1.5769559924287553495860597998297891941783273515996202183828e-6 2.7350881764109056323516180087122307134854543826425204885183e-1
-1.2703725125174279826547854087481805320059448510946376645031 2.8518674781919425106165849355972102494011098834579331634168e-1
3.5170318173926049875767241857070249825676920704897675161676e-1 -2.0596435773808974851220460590217429146980105316358688509140e-2
-1.5790165680767480038128298763367511879422621607108122307289e-1 2.6054216403816651670529299127642301115146602465905459415581e-1

1.6851225065971415342127619698888350383553326628900714316710 1.8723977784631601915337321875330204529055111997976316625279
-1.3255833382779669308118907463644566509425234683292014699078 7.1372543401090046212596404981152958117920393633072178021155e-2
-9.1603623170108916761406298608584663697343827717987064295955e-2 -1.8114884936911692864361310605164089985358521277376338066151
-8.6906409233811503771928109320655404238371459545494461751052e-2 -1.9560173195545383800978593084188470584423726910260852833824

4.3069424980479249036929886811530669465542236448577572140083e-1 4.0699721761773552869368357513490252855701787273777404196000e-1
-1.2983551893173806662114928430628937369120893148952882548445 2.5271606752920898494730626164479496304297449377718097575602e-1
1.2065283984697136978099004630618517258121132572386196171096e-1 -2.9421274077493893477492728829373812748160417073153431812301e-1
-3.3601395779872215693839014400192341486876953870180375129920e-1 -1.3135676918067799291739511728407765600610504221566481974286e-1


1 4
2.380243105144668135837213805494201883730362114112576244613197292116482816385641209519780069003806162379740806594012516986672439587666179243604907935946530631148235093205230864967733052019598770936378452359482739482163184100898659075854725978101657197321491375435283872879768682003832969199405000638762649397317e-1 -9.687680841772933459914113411494698642929103269537605474229581576056402084734600133755610206783994753889954502567996861972725243137934000251739612526904461106138126780537132465325939862441271423940060120361340144756960700753071022961824817594165133125692798463541234930027080738665430004352994295363067075684044e-1
5.317255973066339138101579532485252986120150299023491144801064042925323013142745482347060326031520596216829737999226949578490343934692806400594512838581032114606971766844505022413971535286071646480062100519561669771229836922356546949689927131159663540460591242277734604391139479520947483736425678609048074911621e-1 -5.625545032495539449935772495644564788249552634929729650259505773486170158023404677071775364664728395154792112787930179216609571042869444406721473317744492545028630978763625296844772403727045543395110022156184393603067542509679650896566146652657716513465363340867977037366487029172434423994084477617749492565128e-2
3.996432263214474253649090982931164789108630154546447928990425172489506678509308213535607252860707372236840475328270876485322801070345486163140872549099458802767934624902424074749446098181197923696825094767937591063694534578399073810754595391566166303506782774947828632574269055000286288057045557033348426019668e-1 -3.527279509713129093017106802357154024079636998481653771189803797598087725037634743105722518085433642008844196040832132142746046140153883392183478087602788115825097823110943207348314117328156898121870693313815005753550933681875917096076638408917151359732381911519811186984744194144389692080779978691220046656787e-1
-8.820305496646916199919110268897668524839879156938770228486701027085908153260757075540109211724481411301713711019431090959606282600181863080489408668071060509394334939113265390836452253643723840423940018494554850540547481517273994216405310801168528696672378696108627210184809956998495653760988513235496780713590e-1 -4.679255854897829539916259940088024253300564199083967822770283731219899205561341050137064218610053480448869462119982933827617852134071247552527030642844827209259993425829595619714272652075464455110069063564108114646100148651980011773683512548470357376617661076286872923931215036591373323339647215478387720141178e-1


1 4
6.372643394581858342593482552484379009110080927018458599559575078516870864561108948885708394363043633506092633114117241965870695506528069431991134249884720428541870102677814956555808026551836643614826031641476297135293692610832453430737500535182055257259327871697867614176704590801743290872301620790121428889703e-2 -2.986760489803941784153589347236330964856812180899222604226692305051271274396043912430449577056310645983447990222654157317196233169901712584018700811164629026644735963913411187666498353367815884264182536193201568378115261578308119917951909134365307123479191338807996306368295898177679811170376308230602011575961e-1
-4.188785566936262873934256486682820125781843526252875152266275740358938684848282536944566536868057051608545001050217179195302195107513039105423580622103285052475711725842108180155941109609959791693373850904528439921243585512187876480350770295473113684007109542596130876440479977268172335420302364095530389648292e-1 -1.378555474985123564212929869374615493967709257952336113164276839789581964033601456683419511198968633673768605124435933083587032017868316993341561986320177708362589345107703196708610463104047862888613322583774776712415954731877596801348747671041074727749757290352857985292112069153679975097974446943297030304969e-1
5.197453878816439535029155360018242672872721140208016214534211486131175127574103604830177035207613338801019955424840514410904661884672691621998513653298598120882642315815732906559107080446068039218653832847093281370274936188958343072480425827784754255722861094691291369313858168531063441604429707879024413738086e-1 1.477906464614808190716872550203957058154430164378687465093272098423327828021047311160896399823089285800572482002001231853286651689943686155286097419980071821166300961535395905595327542479161087782746132283141400029728598092254593324388674161996462996339997700492707526089380405893392999221723263596118095626837e-1
-5.949948590573403909277448749965209016210469187165492171146741844744811100699948767245615137883554324639382577943111334817475248733081127941541536453864607075136577016284461720484145718637261273559018437364574668472691738824453516499491230799829606215774402480636895758434739899162945644744827883306178357515349e-1 -2.574333631015083005680986190496150807788160735974041022840407025047859321381392215929837852711424117286700166716755276926340783606546360987520525786305218598895834729003433325468701617213368292958082424416590717506042575320399953325342992799214002044717586800911979365840673700783855754814243619274067122494098e-1


