6 1 -1

-1.1165077251539031354680018708900014025010900058306112698594 -1.5276770031447404537359459588762684560753345169142929462461e-1
-7.3372044286451536368874725332473471545199748805039682727039e-1 6.4290677403481210099327440079371327920177596400943582091288e-1
1.7157862880175061325969183610413285294041042607667048722594 4.5792427058045975515646032411197728641692117447642835028662e-1
5.4261467625236651239024194289137063523567647683371073761695e-1 8.5291563554822973341663118255115764134535034249509766540712e-1

2.4760681457338598407793157480552016040239767644406008228092e-1 4.0391590338471665703391072095604774666363703510945193890520e-1
-1.3215269310180687243279377544604997193514798467818824797661 3.8769484479611020983339450746566002994150413164605646592379e-2
-6.3590558367918889072058991149207976719406847747838593194889e-2 -3.9814219718412002582365137390842579840415903668996435788565e-1
-4.5520859721659530378720569193681303485108848914467975428300e-1 3.1229223816044148341582530260368458161832375343946704212205e-2

-2.5594281960509087878942835382357846935875522393858851040221e-1 -6.5711680209802033534893535696990026337306871709145221297176e-2
-1.1650058985335375435851172351754112557989016159294057216354 4.0027179606864378626218358886705034938135422454304829534033e-1
5.7168450276202051562802554864126728410651578149884177762064e-1 2.7120716343470143679101228285397833522130868525993206778220e-1
-1.5567048509276213052574189875780785410255877731100002146629e-1 5.5583126291716355105635311965774999973548773461637245245578e-1

3.6868633596571930743289560803119493911879598127217018670233e-2 -1.5803828347104131442612321852365591955111716067675222006792e-1
-1.3396676522894616031483055089445208347547513482781319785868 3.8165399967916646279218166202114052401406739997407401752692e-1
1.7244204445187976785486802508251676879226731775934174906671e-1 3.7080985820113725856325263162360910510796508396391189469822e-1
-4.2502915164525371731508234498210314952384338354245507891465e-1 5.5691181322299282893974021825478622081865471885530113894453e-1

-4.5883487807615100389831064177919263685340926995777461885794e-1 1.5468528933080033080260066633005934373036747663548340976730
-6.8949731690995539536216740114900728222317143170106560841623e-1 -3.9878800401923652818479806277301609845300521079173943657045e-1
9.7475521720384941380140810189263206257276671419225062450480e-1 -1.8694150133738684652470440892212209672632239251424375658713
4.3433153231130806832074787867302548624585785040869308159769e-1 -7.4228939455041005625366071701193798537644712767621695914613e-1

-2.8435540186694742918841908992165624304429851308195119448791e-2 1.8790751916564988618580132281945817865867139662087457744478e-1
-1.2262377131384366052261743775936873691760885347756939949645 2.1521556546041436788762307226679345227974790210002194592621e-1
2.8804587830784060622943610556011551469568469801529945742944e-1 -8.6642927905926746020032756075961770000541725886222412353685e-2
-2.8021054561527148693368272566610231410565724151961022149088e-1 2.8409647869503836336485473935730543078772069712817124754189e-1


1 4
2.380243105144668135837213805494201883730362114112576244613197292116482816385641209519780069003806162379740806594012516986672439587666179243604907935946530631148235093205230864967733052019598770936378452359482739482163184100898659075854725978101657197321491375435283872879768682003832969199405000638762649397317e-1 -9.687680841772933459914113411494698642929103269537605474229581576056402084734600133755610206783994753889954502567996861972725243137934000251739612526904461106138126780537132465325939862441271423940060120361340144756960700753071022961824817594165133125692798463541234930027080738665430004352994295363067075684044e-1
5.317255973066339138101579532485252986120150299023491144801064042925323013142745482347060326031520596216829737999226949578490343934692806400594512838581032114606971766844505022413971535286071646480062100519561669771229836922356546949689927131159663540460591242277734604391139479520947483736425678609048074911621e-1 -5.625545032495539449935772495644564788249552634929729650259505773486170158023404677071775364664728395154792112787930179216609571042869444406721473317744492545028630978763625296844772403727045543395110022156184393603067542509679650896566146652657716513465363340867977037366487029172434423994084477617749492565128e-2
3.996432263214474253649090982931164789108630154546447928990425172489506678509308213535607252860707372236840475328270876485322801070345486163140872549099458802767934624902424074749446098181197923696825094767937591063694534578399073810754595391566166303506782774947828632574269055000286288057045557033348426019668e-1 -3.527279509713129093017106802357154024079636998481653771189803797598087725037634743105722518085433642008844196040832132142746046140153883392183478087602788115825097823110943207348314117328156898121870693313815005753550933681875917096076638408917151359732381911519811186984744194144389692080779978691220046656787e-1
-8.820305496646916199919110268897668524839879156938770228486701027085908153260757075540109211724481411301713711019431090959606282600181863080489408668071060509394334939113265390836452253643723840423940018494554850540547481517273994216405310801168528696672378696108627210184809956998495653760988513235496780713590e-1 -4.679255854897829539916259940088024253300564199083967822770283731219899205561341050137064218610053480448869462119982933827617852134071247552527030642844827209259993425829595619714272652075464455110069063564108114646100148651980011773683512548470357376617661076286872923931215036591373323339647215478387720141178e-1


1 4
6.372643394581858342593482552484379009110080927018458599559575078516870864561108948885708394363043633506092633114117241965870695506528069431991134249884720428541870102677814956555808026551836643614826031641476297135293692610832453430737500535182055257259327871697867614176704590801743290872301620790121428889703e-2 -2.986760489803941784153589347236330964856812180899222604226692305051271274396043912430449577056310645983447990222654157317196233169901712584018700811164629026644735963913411187666498353367815884264182536193201568378115261578308119917951909134365307123479191338807996306368295898177679811170376308230602011575961e-1
-4.188785566936262873934256486682820125781843526252875152266275740358938684848282536944566536868057051608545001050217179195302195107513039105423580622103285052475711725842108180155941109609959791693373850904528439921243585512187876480350770295473113684007109542596130876440479977268172335420302364095530389648292e-1 -1.378555474985123564212929869374615493967709257952336113164276839789581964033601456683419511198968633673768605124435933083587032017868316993341561986320177708362589345107703196708610463104047862888613322583774776712415954731877596801348747671041074727749757290352857985292112069153679975097974446943297030304969e-1
5.197453878816439535029155360018242672872721140208016214534211486131175127574103604830177035207613338801019955424840514410904661884672691621998513653298598120882642315815732906559107080446068039218653832847093281370274936188958343072480425827784754255722861094691291369313858168531063441604429707879024413738086e-1 1.477906464614808190716872550203957058154430164378687465093272098423327828021047311160896399823089285800572482002001231853286651689943686155286097419980071821166300961535395905595327542479161087782746132283141400029728598092254593324388674161996462996339997700492707526089380405893392999221723263596118095626837e-1
-5.949948590573403909277448749965209016210469187165492171146741844744811100699948767245615137883554324639382577943111334817475248733081127941541536453864607075136577016284461720484145718637261273559018437364574668472691738824453516499491230799829606215774402480636895758434739899162945644744827883306178357515349e-1 -2.574333631015083005680986190496150807788160735974041022840407025047859321381392215929837852711424117286700166716755276926340783606546360987520525786305218598895834729003433325468701617213368292958082424416590717506042575320399953325342992799214002044717586800911979365840673700783855754814243619274067122494098e-1


