6 1 -1

2.1901179293106702925092970198521952276357463441585551253279e-3 -1.5009661474002805279436605235844334921810019303239426912726e-1
-1.2604932329520770525406427747375233675889080442762120492886 2.4430876843496549735821746311832653064328531007091956893340e-1
1.1182583025333489267364842381609425768944879186641448491471e-1 1.4749388865325124871044649163519131029779044208104732652258e-1
-5.3780449529979589248635408643840555054582318515308129651798e-1 4.9218227390246381919537162404646038428357174875591805350781e-1

-3.6451078459464441263103852464701495564120151876941051507611 -1.1961339103008811787652270621422544107201861189282174794186
-2.6390283740516175611462911103452370847446297840052816896268 -7.4919078590322120921740138134793997916957635809331005258313e-1
-1.0643318416752803770790560275862421238510452325256605883852 3.0456876517133619955590084770272699815758164681422655449809
-3.4345257291186261188984536774670017279666521859964737347274e-1 5.3852661724309385450572890680178774646070973645689602631941

-1.3015375006548512615668609658604600881525550659951055059080e-1 1.0211704355872441719412892760661891158762677348034317806528e-1
-1.3544837278881983258293664137745807155365169003722180599685 3.3054229895657578418827382059981255627713715346203294312546e-1
3.0699397115860449242353782057693558689726091935356712674501e-1 2.7801463370830390339654613100761042635864488338782838353974e-1
-1.7515472643117718421814040222656521151452841095502015190139e-1 5.5228327440186427472877974036973297932633905269278348424403e-1

1.3780987646968198220114851847224337361856804057583205708184e-1 2.0953717393059515480078308818837848751160058450642617839828e-1
-1.2578361328408493510001790437898742843161833200776171811956 4.1641605598903814924520882209207675160892293685194946380300e-1
4.1846170270608473946292620599966817223138080138303021595408e-1 6.7758462498735287124923164487780722352682295016380498035639e-2
-1.5197215187929329574692129173988186197566228048194991396821e-1 1.8042014003414199479849928058210354195283912601610489628100e-1

1.0446002748141339267558697832111335176660103210260999421088 -5.7380823104343784688663449661018880492349286777769146146206e-1
-7.5699582203847116971381033292591992480151231484356345180737e-1 2.2370601065595123978496567179807850717679999173396129572040e-1
-1.4438297164250423746825541842866833081372229624002874288346e-1 -7.4397545479065783273212016308057314263467434675832683547673e-1
-1.4789732406820203805497685202847581926265817661630320386300 -6.1377441458716088230783856303447369475358909800190444323177e-1

6.3224429956390100755871788640795616900343837607335658197282e-1 2.6263562890370683739456513741895202055471508089571124742283e-1
-1.0575179142996664229705177246816410700225063522656079819301 5.1371497180358198973685087692888520896731325259598238422397e-1
5.0519487334878499253135909404094544021350256153842854343921e-1 -3.3287805028330443160509529917108123413080876433866991246155e-1
-2.8702436180205177136187236090837689699214732568353143969102e-1 -4.4699206361855249772925353281304123001458043841849292976884e-1


1 4
2.380243105144668135837213805494201883730362114112576244613197292116482816385641209519780069003806162379740806594012516986672439587666179243604907935946530631148235093205230864967733052019598770936378452359482739482163184100898659075854725978101657197321491375435283872879768682003832969199405000638762649397317e-1 -9.687680841772933459914113411494698642929103269537605474229581576056402084734600133755610206783994753889954502567996861972725243137934000251739612526904461106138126780537132465325939862441271423940060120361340144756960700753071022961824817594165133125692798463541234930027080738665430004352994295363067075684044e-1
5.317255973066339138101579532485252986120150299023491144801064042925323013142745482347060326031520596216829737999226949578490343934692806400594512838581032114606971766844505022413971535286071646480062100519561669771229836922356546949689927131159663540460591242277734604391139479520947483736425678609048074911621e-1 -5.625545032495539449935772495644564788249552634929729650259505773486170158023404677071775364664728395154792112787930179216609571042869444406721473317744492545028630978763625296844772403727045543395110022156184393603067542509679650896566146652657716513465363340867977037366487029172434423994084477617749492565128e-2
3.996432263214474253649090982931164789108630154546447928990425172489506678509308213535607252860707372236840475328270876485322801070345486163140872549099458802767934624902424074749446098181197923696825094767937591063694534578399073810754595391566166303506782774947828632574269055000286288057045557033348426019668e-1 -3.527279509713129093017106802357154024079636998481653771189803797598087725037634743105722518085433642008844196040832132142746046140153883392183478087602788115825097823110943207348314117328156898121870693313815005753550933681875917096076638408917151359732381911519811186984744194144389692080779978691220046656787e-1
-8.820305496646916199919110268897668524839879156938770228486701027085908153260757075540109211724481411301713711019431090959606282600181863080489408668071060509394334939113265390836452253643723840423940018494554850540547481517273994216405310801168528696672378696108627210184809956998495653760988513235496780713590e-1 -4.679255854897829539916259940088024253300564199083967822770283731219899205561341050137064218610053480448869462119982933827617852134071247552527030642844827209259993425829595619714272652075464455110069063564108114646100148651980011773683512548470357376617661076286872923931215036591373323339647215478387720141178e-1


1 4
6.372643394581858342593482552484379009110080927018458599559575078516870864561108948885708394363043633506092633114117241965870695506528069431991134249884720428541870102677814956555808026551836643614826031641476297135293692610832453430737500535182055257259327871697867614176704590801743290872301620790121428889703e-2 -2.986760489803941784153589347236330964856812180899222604226692305051271274396043912430449577056310645983447990222654157317196233169901712584018700811164629026644735963913411187666498353367815884264182536193201568378115261578308119917951909134365307123479191338807996306368295898177679811170376308230602011575961e-1
-4.188785566936262873934256486682820125781843526252875152266275740358938684848282536944566536868057051608545001050217179195302195107513039105423580622103285052475711725842108180155941109609959791693373850904528439921243585512187876480350770295473113684007109542596130876440479977268172335420302364095530389648292e-1 -1.378555474985123564212929869374615493967709257952336113164276839789581964033601456683419511198968633673768605124435933083587032017868316993341561986320177708362589345107703196708610463104047862888613322583774776712415954731877596801348747671041074727749757290352857985292112069153679975097974446943297030304969e-1
5.197453878816439535029155360018242672872721140208016214534211486131175127574103604830177035207613338801019955424840514410904661884672691621998513653298598120882642315815732906559107080446068039218653832847093281370274936188958343072480425827784754255722861094691291369313858168531063441604429707879024413738086e-1 1.477906464614808190716872550203957058154430164378687465093272098423327828021047311160896399823089285800572482002001231853286651689943686155286097419980071821166300961535395905595327542479161087782746132283141400029728598092254593324388674161996462996339997700492707526089380405893392999221723263596118095626837e-1
-5.949948590573403909277448749965209016210469187165492171146741844744811100699948767245615137883554324639382577943111334817475248733081127941541536453864607075136577016284461720484145718637261273559018437364574668472691738824453516499491230799829606215774402480636895758434739899162945644744827883306178357515349e-1 -2.574333631015083005680986190496150807788160735974041022840407025047859321381392215929837852711424117286700166716755276926340783606546360987520525786305218598895834729003433325468701617213368292958082424416590717506042575320399953325342992799214002044717586800911979365840673700783855754814243619274067122494098e-1


