6 1 -1

-1.1981607367491288455153744557207643153696297970086052373006 -5.6959000783387097321827531471945118205310199594455368977119e-1
-1.1001892833680238034628656637000802590153924629517628101266 5.3954707238951376563410032320030510039380518313929749553923e-1
1.0622200275571999393882574077386679986042928559532321139165 1.0470344529480837897236751372329911579052738833370546428785
1.3651485379564378741642961334086880577672607010283249772115e-1 1.5349048694237041713438103171461872914059916264802570549894

1.9556562918671398932405688475337883911698799546291661539959e-2 -1.6120561056480601823073688787956251508568778933470071678976e-1
-1.3039773953826510403016186450181084526675132947658109347212 3.3761158535189637508728832832023942145025987303096780708089e-1
1.6414093736298377877004739594442295751437939769167833741374e-1 2.9283633704397286716997805080579744326079113909575223178654e-1
-4.6172821739072893333045295166246305664020235577384122240064e-1 5.3370411923333367576626491059913627192965825276776885940867e-1

-2.8000293621018413990780667166026461771533476262263958609390e-1 9.6193013342268962064877244653439822052702109367347004383304e-2
-1.2185548643216277458673463172967850623946904737449236761533 3.1556351630029131077856386885090622965519462140379037877636e-1
5.0473978270515718034859875409251489753818462850642656904401e-1 1.7430934696464599538604831885130771610454828924407675936844e-1
-1.0307569185059125706974587320185719515453451992263017389988e-1 5.3326407990504617826959123166212996328871052460049063301393e-1

-2.3922336512091574106833630840709718516761994965796024903188e-2 2.3904980409023490869964486250549586600965454086232585993297e-1
-1.2557919909737862330488929744632434841812082657660858488071 2.6167809084896262043815970838132403320708675658563244829119e-1
3.3493052433695593547542775108762287097962030439874011525410e-1 -3.2704835156491886502302562525523681528798967330230821707892e-2
-1.9521305541125101658368969008648153978407415970772444508467e-1 2.8343293094860490324539215610042321920050601660964278483338e-1

8.6308891896427607137846864885102166350345085870926601373029e-1 2.1867956019651296398782134305572086198982764023508725365675
-1.2414943920837998426762657091075683695980046713998569451381 -2.1617124674330176815421463935199773149177027882109160018185e-1
2.3260875209375837409583458014721898548748042842770358122518e-1 -1.9842459499245667749018819232163723146311030076534732987677
3.4426832929295302750411988561707555376975667646961879274154e-1 -1.5836814996107971283266502716325607316618094363915826649778

3.7816656743365363267057310430122535003927262649728711604873e-1 4.1493555251075248342794836678970181990572720697502379076899e-1
-1.3190356737627444690757418560621265126379255802183747202029 1.8677424411898581072137257284163616372959219243521811717470e-1
5.2108998438477869074039705777131062159162704807315730223933e-2 -3.1660825708127091410329474696896507198291453420358360053592e-1
-3.6850036090464209778435892229369478816368683675202079314168e-1 -7.5456863010659960301462291971046474652276339615446916892761e-2


1 4
2.380243105144668135837213805494201883730362114112576244613197292116482816385641209519780069003806162379740806594012516986672439587666179243604907935946530631148235093205230864967733052019598770936378452359482739482163184100898659075854725978101657197321491375435283872879768682003832969199405000638762649397317e-1 -9.687680841772933459914113411494698642929103269537605474229581576056402084734600133755610206783994753889954502567996861972725243137934000251739612526904461106138126780537132465325939862441271423940060120361340144756960700753071022961824817594165133125692798463541234930027080738665430004352994295363067075684044e-1
5.317255973066339138101579532485252986120150299023491144801064042925323013142745482347060326031520596216829737999226949578490343934692806400594512838581032114606971766844505022413971535286071646480062100519561669771229836922356546949689927131159663540460591242277734604391139479520947483736425678609048074911621e-1 -5.625545032495539449935772495644564788249552634929729650259505773486170158023404677071775364664728395154792112787930179216609571042869444406721473317744492545028630978763625296844772403727045543395110022156184393603067542509679650896566146652657716513465363340867977037366487029172434423994084477617749492565128e-2
3.996432263214474253649090982931164789108630154546447928990425172489506678509308213535607252860707372236840475328270876485322801070345486163140872549099458802767934624902424074749446098181197923696825094767937591063694534578399073810754595391566166303506782774947828632574269055000286288057045557033348426019668e-1 -3.527279509713129093017106802357154024079636998481653771189803797598087725037634743105722518085433642008844196040832132142746046140153883392183478087602788115825097823110943207348314117328156898121870693313815005753550933681875917096076638408917151359732381911519811186984744194144389692080779978691220046656787e-1
-8.820305496646916199919110268897668524839879156938770228486701027085908153260757075540109211724481411301713711019431090959606282600181863080489408668071060509394334939113265390836452253643723840423940018494554850540547481517273994216405310801168528696672378696108627210184809956998495653760988513235496780713590e-1 -4.679255854897829539916259940088024253300564199083967822770283731219899205561341050137064218610053480448869462119982933827617852134071247552527030642844827209259993425829595619714272652075464455110069063564108114646100148651980011773683512548470357376617661076286872923931215036591373323339647215478387720141178e-1


1 4
6.372643394581858342593482552484379009110080927018458599559575078516870864561108948885708394363043633506092633114117241965870695506528069431991134249884720428541870102677814956555808026551836643614826031641476297135293692610832453430737500535182055257259327871697867614176704590801743290872301620790121428889703e-2 -2.986760489803941784153589347236330964856812180899222604226692305051271274396043912430449577056310645983447990222654157317196233169901712584018700811164629026644735963913411187666498353367815884264182536193201568378115261578308119917951909134365307123479191338807996306368295898177679811170376308230602011575961e-1
-4.188785566936262873934256486682820125781843526252875152266275740358938684848282536944566536868057051608545001050217179195302195107513039105423580622103285052475711725842108180155941109609959791693373850904528439921243585512187876480350770295473113684007109542596130876440479977268172335420302364095530389648292e-1 -1.378555474985123564212929869374615493967709257952336113164276839789581964033601456683419511198968633673768605124435933083587032017868316993341561986320177708362589345107703196708610463104047862888613322583774776712415954731877596801348747671041074727749757290352857985292112069153679975097974446943297030304969e-1
5.197453878816439535029155360018242672872721140208016214534211486131175127574103604830177035207613338801019955424840514410904661884672691621998513653298598120882642315815732906559107080446068039218653832847093281370274936188958343072480425827784754255722861094691291369313858168531063441604429707879024413738086e-1 1.477906464614808190716872550203957058154430164378687465093272098423327828021047311160896399823089285800572482002001231853286651689943686155286097419980071821166300961535395905595327542479161087782746132283141400029728598092254593324388674161996462996339997700492707526089380405893392999221723263596118095626837e-1
-5.949948590573403909277448749965209016210469187165492171146741844744811100699948767245615137883554324639382577943111334817475248733081127941541536453864607075136577016284461720484145718637261273559018437364574668472691738824453516499491230799829606215774402480636895758434739899162945644744827883306178357515349e-1 -2.574333631015083005680986190496150807788160735974041022840407025047859321381392215929837852711424117286700166716755276926340783606546360987520525786305218598895834729003433325468701617213368292958082424416590717506042575320399953325342992799214002044717586800911979365840673700783855754814243619274067122494098e-1


