6 1 -1

-1.1077262802709858368968054359748273527318371070706466043458 -2.5343323439745869471954041056867319024553372381659050673942e-1
-8.8107706487343999444594471859267818947103191356988502954927e-1 6.1047798701546584063230070389008541323363092942720309166267e-1
1.4736079937575117334267114191917634679360625796914615181144 6.4930483580810370053875197619370669688926790292295703440531e-1
4.1789225542954983054182116952237948924597805041821328438808e-1 1.0556820601415068298615224897881348563397350265109239941905

-2.8925489511797856475570746470529980004996383285935203996699e-2 2.0081559510372730183239671640317560144436251201595204377570e-1
-1.2360834918921035568138457333254617731581379951947420809233 2.3107618652217819362537729797289857196172363288934769137439e-1
3.0321936817830702486086086814714349301027565313354845055283e-1 -6.5167174404026218674998230600539650847837808768062214546384e-2
-2.5362585850831497207008400853973797283444544403174907835658e-1 2.8786656377579912118759949484284457557201058410800372717058e-1

-2.9384234351921980476340264474359801551246814277299031682726e-1 -2.5174055459157312594785028609642496056456904781950253768397e-2
-1.1696232262256463659812703003434409854688584523816622526247 3.7062763400275286974648108809363521498789086066861160446264e-1
5.7065422866538621931272086858702941815904299588363356359714e-1 2.4285023181354205119961736836955880799075684323310286810396e-1
-1.3243088647332105337615002199117679489035875745500853510307e-1 5.6605576983977776432193700223751997853278016774593353282211e-1

3.0505798670338009672680041117343324802036367975612058953380e-2 -1.6066301037768128976247068120632028617033224725754035322336e-1
-1.3256092126613811565396681034348415655032739499053216943338 3.6682492304316435184664006294377517450573295719857964829299e-1
1.7128820501754046592323816746007656569459592887933126556005e-1 3.4319184472421645047031093800785045453365405357147119504593e-1
-4.3823172431314710945134951811015000706513089328089759469529e-1 5.4830775756628488658532819906871531028788630851893205729670e-1

-1.6967825370906538073742298254075642677322826994293305921058e-1 1.8787768800348620499810409657207654210265318316254665008626
-8.7527633170987472766388982100749262790595506930555319670721e-1 -4.2352234966322671060913759943134079527551884085187004880629e-1
7.5911056821513348579210763948421662590671549185678036009018e-1 -1.9843268129563376139964975654488639938494281560187582459167
4.9746352188123725357839746395213297623385958702529524555546e-1 -9.7269120310020236018352886571000861746804739531761957041405e-1

2.9200907885758391238587061044257816887232014199366248130558e-1 4.1348919967555684245033539438562234374719970314766738352388e-1
-1.3276583697392134933005793009204368703008065286664181369932 8.6780900664263814023352167496376969649593552750082865576111e-2
-3.1429524148520561964379908489684788852867424892259730906322e-2 -3.6753594269010495997544138169487587311409943699950279128557e-1
-4.2378399948494776748990129078087635416397670330249514153368e-1 -1.2865208744619028544881080876061164809330096803199753543932e-3


1 4
2.380243105144668135837213805494201883730362114112576244613197292116482816385641209519780069003806162379740806594012516986672439587666179243604907935946530631148235093205230864967733052019598770936378452359482739482163184100898659075854725978101657197321491375435283872879768682003832969199405000638762649397317e-1 -9.687680841772933459914113411494698642929103269537605474229581576056402084734600133755610206783994753889954502567996861972725243137934000251739612526904461106138126780537132465325939862441271423940060120361340144756960700753071022961824817594165133125692798463541234930027080738665430004352994295363067075684044e-1
5.317255973066339138101579532485252986120150299023491144801064042925323013142745482347060326031520596216829737999226949578490343934692806400594512838581032114606971766844505022413971535286071646480062100519561669771229836922356546949689927131159663540460591242277734604391139479520947483736425678609048074911621e-1 -5.625545032495539449935772495644564788249552634929729650259505773486170158023404677071775364664728395154792112787930179216609571042869444406721473317744492545028630978763625296844772403727045543395110022156184393603067542509679650896566146652657716513465363340867977037366487029172434423994084477617749492565128e-2
3.996432263214474253649090982931164789108630154546447928990425172489506678509308213535607252860707372236840475328270876485322801070345486163140872549099458802767934624902424074749446098181197923696825094767937591063694534578399073810754595391566166303506782774947828632574269055000286288057045557033348426019668e-1 -3.527279509713129093017106802357154024079636998481653771189803797598087725037634743105722518085433642008844196040832132142746046140153883392183478087602788115825097823110943207348314117328156898121870693313815005753550933681875917096076638408917151359732381911519811186984744194144389692080779978691220046656787e-1
-8.820305496646916199919110268897668524839879156938770228486701027085908153260757075540109211724481411301713711019431090959606282600181863080489408668071060509394334939113265390836452253643723840423940018494554850540547481517273994216405310801168528696672378696108627210184809956998495653760988513235496780713590e-1 -4.679255854897829539916259940088024253300564199083967822770283731219899205561341050137064218610053480448869462119982933827617852134071247552527030642844827209259993425829595619714272652075464455110069063564108114646100148651980011773683512548470357376617661076286872923931215036591373323339647215478387720141178e-1


1 4
6.372643394581858342593482552484379009110080927018458599559575078516870864561108948885708394363043633506092633114117241965870695506528069431991134249884720428541870102677814956555808026551836643614826031641476297135293692610832453430737500535182055257259327871697867614176704590801743290872301620790121428889703e-2 -2.986760489803941784153589347236330964856812180899222604226692305051271274396043912430449577056310645983447990222654157317196233169901712584018700811164629026644735963913411187666498353367815884264182536193201568378115261578308119917951909134365307123479191338807996306368295898177679811170376308230602011575961e-1
-4.188785566936262873934256486682820125781843526252875152266275740358938684848282536944566536868057051608545001050217179195302195107513039105423580622103285052475711725842108180155941109609959791693373850904528439921243585512187876480350770295473113684007109542596130876440479977268172335420302364095530389648292e-1 -1.378555474985123564212929869374615493967709257952336113164276839789581964033601456683419511198968633673768605124435933083587032017868316993341561986320177708362589345107703196708610463104047862888613322583774776712415954731877596801348747671041074727749757290352857985292112069153679975097974446943297030304969e-1
5.197453878816439535029155360018242672872721140208016214534211486131175127574103604830177035207613338801019955424840514410904661884672691621998513653298598120882642315815732906559107080446068039218653832847093281370274936188958343072480425827784754255722861094691291369313858168531063441604429707879024413738086e-1 1.477906464614808190716872550203957058154430164378687465093272098423327828021047311160896399823089285800572482002001231853286651689943686155286097419980071821166300961535395905595327542479161087782746132283141400029728598092254593324388674161996462996339997700492707526089380405893392999221723263596118095626837e-1
-5.949948590573403909277448749965209016210469187165492171146741844744811100699948767245615137883554324639382577943111334817475248733081127941541536453864607075136577016284461720484145718637261273559018437364574668472691738824453516499491230799829606215774402480636895758434739899162945644744827883306178357515349e-1 -2.574333631015083005680986190496150807788160735974041022840407025047859321381392215929837852711424117286700166716755276926340783606546360987520525786305218598895834729003433325468701617213368292958082424416590717506042575320399953325342992799214002044717586800911979365840673700783855754814243619274067122494098e-1


