2 -1 -1

2.41141739938214039185 6.13084429936347485857e-1
-1.76247132332021694268 -1.00386138390656021180
-2.86826448868371830514 1.10282069086410902670e-1
1.15244159188066970512e-2 2.20780841244414505198

1.90842907687286600371 -9.43919093950713938845e-1
-2.63259428328686151399e-1 -1.34889993291491511185e-1
9.15978457528389800046e-1 -7.54599971559053894765e-1
1.69863290983014691982 -6.74493225111920891024e-1


1 4
4.571600171379134411134688863850696216896581954541822246533928217644742677894237538707305209571142710341708058651383032829744247437466427509750747837405291204045769053309111067433474333426552504403468020770621523222032984540632447473106459586021745394524776037987756654620603151313148341575909013276817293852013e-1 -5.918790473615197808001122498497303334731145612397146736299056284519819201117981537435491179309893879612896213842500126499378967518232032046864218665305987462826179056086839594551281241221672730658296436329361299525581932541918855911808156003164642474261742794217683808174845265471680064775640447998936390931184e-1
8.547273185781327415120833261683573272642281592924740989920813374874221280682563471915726671961035067309082278929982485937706422827495760132968927636098930496310711299685945331203771766608796306421155573842683952759868109524653937114784952257293995465461178769605012575994041837218174968196201731910518078894991e-1 -4.387140787502965390794233065913800314515464666767063318656193024230208821226360171410180523651367152708517418521729581428270414527320824388732291781536301758184156206175676661769777842913740529123327997864034601335100399701611159455145857715241344529111644917012885800834381404726073201800341291659711328812651e-1
-7.820932468208324836163554866456148674063959246497325740100990562910421244976841136151173707880449226893035015750400068760007437488259103784259805044120188907691297301557181503252281523787941223463710059737435424045213517992083796505818341490198978234880013682963827022904774652820437526505254346175795493544867e-1 -2.934070475965028883160823006573302763929663217971897405677012760576483203886424699767993516709380000523159196141079591262056189132899942643084430084105253145917894858045265834712209002072845153498478418901799744487046446748901916679128020831062077224418992669114613213946832014219453265638186959692711529303478e-1
2.115677263537564500136089740969920797418881814344005149303429963977570166951884978196799850774040404612505811138436201711280756965277758592693568064357867205643266406406586838537321703811079145118505852922040530377404026284409789750393854902188065164409068968545669288058208199999697640435348344789567643426661e-1 8.136942249254921966723226845136143829408527146232200626659811565956568434442265421707726223273464890768912769012512539401794120684586614598212794098863535121126629322177108864797663554652363134102571315919440060074236812740033740653126030132521062357466765411590356745680457809567326485144939100474711580384018e-1


1 4
-1.396581421433254436485343180898611577580118627533420347234645176297449530847447913946188931539284462228741434014584209073379743494957918969828333722510828253236719739754939976446641037001781392665517276864871388715856089585747610743004171145899994493348396951711811390576192341437706776602094704685784655698493e-1 -2.398552906779936422849843014943562070907160738898987829327728530657183319709191108254530395152527689556092006788264958425597657765669726543902863108544523610552420944644568415419255824904545982625121904851689877640716746952356650231001369874391099395576498534249227294953046400231088027670521415325020421291223e-1
-4.478598263763456849408319583561198826086344503700037596563284633965540340566888840722023077101659144735932356257615365507624287212085572897140057435378002413525191965972601495123971906617962249366154373528542516399286863409815381454816963847335408821418744555701355919302406809327750379039705510802623652085560e-1 5.330008687109095717828183069685708301992777783349510265040289522221070188804646756945849973053445027837707049158932573356193245189531274521651254832606918283793875571910496036485522481185728701933475117132010613967435772107685821480101494781247417862602807627211423950317235330780021933186764782338528748849403e-2
-2.230276940605906459627462287991610911115982506633934964287532538497302487327983635998796673048631354825333028484252916471660214397745415358534992634960863025419163346044986498291364261945102034582073703692854358077984037912432818476558873618200762062782130630655516190281960898315344830849311167846677211490995e-1 4.184462562807231951560342033550994814680306924092336367670883330843084357092856333326345619437398735550098594415330409429056727263378296506954734922115332228016241868413881692836292907346405221363365262285527976433535396845887589347803275466400882040811663338374788524215434068197265261449520628079371807247187e-1
6.938307078428343066623935730661250538281446266060159810054018256693617178974579010356470929257809038084209026993479821379448881478233844144448916311343878908995547201853325092958426677265606098831954036297023663459018459581951639764282155624168838577419965596016202754349807985996814594234764217020818522793244e-1 1.153518385874622524718823508719765399768934148217194912433416767445433965017172030074913311281493433611956235015974828250365446464744206517841808169283544991634811037150261564357250964139129856375293855981175476980558393533969497398648884636421294698927636638636332636413332480877058722321488883078766877215684e-1


