6 1 -1

-3.0071712242103941981211167059007475509258751075511383880961 -1.3810044418084727677928021096310136891455313060810094304875
-2.1160940947370360101871354085362494188616308509573775602405 -4.9152796548512457107041567136925432774401178733438557366918e-1
-6.4285687848704823517110435500492533421448883999763742688706e-1 2.4821266828487179496967424872912789220461258272802721273434
-5.7129661804635397379608138176573017020767934790275893489802e-1 4.4536617376248676819442903811638594282124535555619240627805

3.4693626612398405229565248971275395666033412378964665250238e-3 -1.5179955592890034958333682245432991736235007745687307278900e-1
-1.2656470864549198149733700993423390632512162937843394122178 2.5765468118185128897011885802580092014826331093807227770973e-1
1.2098369993077440458283489853599158925513251430921443927998e-1 1.6764024141484828351293163881208124079865220919442406393393e-1
-5.2627202639750756590364686736500614276410277130619278415945e-1 4.9803971552346612608809574476273287806906513403520591811364e-1

-1.3786823552628076782627720295749668918954091822339397684392e-1 1.0601281605198611693238362567105746176907071786104219169146e-1
-1.3416787825133673574473114432639079113343163472537644936940 3.2635322253023895562463796975865199244877923905642307116500e-1
3.2104218311745397398058514804821720590320091030398132327929e-1 2.6002544416044994148576455418055027570190301558362411500339e-1
-1.7141221009778781251809505002714294020339252135686376902073e-1 5.4271146853857514665389148750623009653960423464355915274712e-1

1.3123400864692069733725814781507367399681009884341135336031e-1 2.3039040820439573368711967107867635770894851127335663391956e-1
-1.2673227515079320744139282202087581596241232831045959419031 3.9809359798136112079023031155052155564850013619012310888315e-1
4.0016395104645424526022605705446509914709715344484879713417e-1 5.2399960730136516280777466069322293555611703912568801368521e-2
-1.5097507007358380071543579052969653975922125010769344951547e-1 1.8265914278120958480812107258795376139372326564267730003308e-1

1.3469901983706044097117067595569130251548176675728718680282 -5.1178342692185395883530557345000857932031840246984177691506e-1
-7.8216099836491116483320027102612858752174575568753139926405e-1 2.9289363602780209721536044536901321854045449206375742834406e-1
-2.1746428023508827026245639871079628100092677545115078536034e-1 -8.1836557687587183190499772137897006455457929246349279534670e-1
-1.5340732068380095875148359665027210134020992188311689537002 -8.6109780973486576897071768887727986542483292604200161286810e-1

6.1144892362854331795188404514841246280671719826296949800635e-1 3.0798807760651898027696410952957834761664028685508605965199e-1
-1.1181145037976101836464762270180376632437983724972251350506 4.7859270528940506444851706827363860679217869827607527123115e-1
4.3342100915391829992574689055419436380093786658190943265908e-1 -3.1066509728489783144621537380940681211275681906058174896259e-1
-2.7782619908152697321745964526195118911348099924542419221274e-1 -3.9533375005937870550370828898315717189262968716574198523637e-1


1 4
2.380243105144668135837213805494201883730362114112576244613197292116482816385641209519780069003806162379740806594012516986672439587666179243604907935946530631148235093205230864967733052019598770936378452359482739482163184100898659075854725978101657197321491375435283872879768682003832969199405000638762649397317e-1 -9.687680841772933459914113411494698642929103269537605474229581576056402084734600133755610206783994753889954502567996861972725243137934000251739612526904461106138126780537132465325939862441271423940060120361340144756960700753071022961824817594165133125692798463541234930027080738665430004352994295363067075684044e-1
5.317255973066339138101579532485252986120150299023491144801064042925323013142745482347060326031520596216829737999226949578490343934692806400594512838581032114606971766844505022413971535286071646480062100519561669771229836922356546949689927131159663540460591242277734604391139479520947483736425678609048074911621e-1 -5.625545032495539449935772495644564788249552634929729650259505773486170158023404677071775364664728395154792112787930179216609571042869444406721473317744492545028630978763625296844772403727045543395110022156184393603067542509679650896566146652657716513465363340867977037366487029172434423994084477617749492565128e-2
3.996432263214474253649090982931164789108630154546447928990425172489506678509308213535607252860707372236840475328270876485322801070345486163140872549099458802767934624902424074749446098181197923696825094767937591063694534578399073810754595391566166303506782774947828632574269055000286288057045557033348426019668e-1 -3.527279509713129093017106802357154024079636998481653771189803797598087725037634743105722518085433642008844196040832132142746046140153883392183478087602788115825097823110943207348314117328156898121870693313815005753550933681875917096076638408917151359732381911519811186984744194144389692080779978691220046656787e-1
-8.820305496646916199919110268897668524839879156938770228486701027085908153260757075540109211724481411301713711019431090959606282600181863080489408668071060509394334939113265390836452253643723840423940018494554850540547481517273994216405310801168528696672378696108627210184809956998495653760988513235496780713590e-1 -4.679255854897829539916259940088024253300564199083967822770283731219899205561341050137064218610053480448869462119982933827617852134071247552527030642844827209259993425829595619714272652075464455110069063564108114646100148651980011773683512548470357376617661076286872923931215036591373323339647215478387720141178e-1


1 4
6.372643394581858342593482552484379009110080927018458599559575078516870864561108948885708394363043633506092633114117241965870695506528069431991134249884720428541870102677814956555808026551836643614826031641476297135293692610832453430737500535182055257259327871697867614176704590801743290872301620790121428889703e-2 -2.986760489803941784153589347236330964856812180899222604226692305051271274396043912430449577056310645983447990222654157317196233169901712584018700811164629026644735963913411187666498353367815884264182536193201568378115261578308119917951909134365307123479191338807996306368295898177679811170376308230602011575961e-1
-4.188785566936262873934256486682820125781843526252875152266275740358938684848282536944566536868057051608545001050217179195302195107513039105423580622103285052475711725842108180155941109609959791693373850904528439921243585512187876480350770295473113684007109542596130876440479977268172335420302364095530389648292e-1 -1.378555474985123564212929869374615493967709257952336113164276839789581964033601456683419511198968633673768605124435933083587032017868316993341561986320177708362589345107703196708610463104047862888613322583774776712415954731877596801348747671041074727749757290352857985292112069153679975097974446943297030304969e-1
5.197453878816439535029155360018242672872721140208016214534211486131175127574103604830177035207613338801019955424840514410904661884672691621998513653298598120882642315815732906559107080446068039218653832847093281370274936188958343072480425827784754255722861094691291369313858168531063441604429707879024413738086e-1 1.477906464614808190716872550203957058154430164378687465093272098423327828021047311160896399823089285800572482002001231853286651689943686155286097419980071821166300961535395905595327542479161087782746132283141400029728598092254593324388674161996462996339997700492707526089380405893392999221723263596118095626837e-1
-5.949948590573403909277448749965209016210469187165492171146741844744811100699948767245615137883554324639382577943111334817475248733081127941541536453864607075136577016284461720484145718637261273559018437364574668472691738824453516499491230799829606215774402480636895758434739899162945644744827883306178357515349e-1 -2.574333631015083005680986190496150807788160735974041022840407025047859321381392215929837852711424117286700166716755276926340783606546360987520525786305218598895834729003433325468701617213368292958082424416590717506042575320399953325342992799214002044717586800911979365840673700783855754814243619274067122494098e-1


