6 1 -1

-4.9112334613961176656103720249762732496661162760016509529502e-4 -1.4499349141471577040513985848705665810099853705474390308940e-1
-1.2436639674579357738491466946842691503391771480370759793288 1.9902605822453490399637738072929905683806085887099916785817e-1
7.8885899063875566481446796814411523656794193001224013004363e-2 7.9493694491424463799722521102824175054592417894811575249803e-2
-5.7845823179193478425089184575461224115308400164327117119994e-1 4.7206210372611214742774632126105778528339978332025644612355e-1

-4.8390465525959636969435969476942273212266603048200867206649 1.0068896302362181818200336932359675528720692364818825875782
-5.1745476027283314576972146913389475532839749702498442543816 -3.0607485578248755542538199755173456125525143969766532621570e-1
-1.4702293645010890379757569273623136559576380581293234277987 5.9314254648419402020890787936261718751038817398566407824814
2.4546971375211153571013520285466470825029984713297666730772 7.7053523214974145251330402660562620712326590948849318472365

-1.1123724016621328234598512897726074613766368928269445233564e-1 9.2465795625054015171602936648577626981710829206668905008269e-2
-1.3931264971813741339232426580145791630321874088315401727194 3.4479756082375871944196198534151144421672009116027001385957e-1
2.6981564179495685860327195818162268782809736186476539185025e-1 3.3491275326525299036690757557508596586195404471600653123161e-1
-1.8057566432846150908408812573765821714849676034756122903171e-1 5.8348422417431591675514953054709744267924335613446487270145e-1

1.3693148845997279454468288374847663269847517244342951457154e-1 1.5851537371193048230817037733392258480611480528977899164253e-1
-1.2267765349108132627032670821571830618014244338635812262271 4.6396518833844228389360297771495988540137479437852158942655e-1
4.8346331870246339028794648854087769430409767327710861147143e-1 1.0677629373313161258127943428854249455558898031741317513568e-1
-1.4144686372448171108603809959469560012544174000301411096286e-1 1.8040043334548620199023195502174861149591002886739690429423e-1

4.9802235384200327135888296516127096216213734465420100419464e-1 -5.0012943568338319774985273662400702133370670526581258165326e-1
-7.7202792223871199461578618680115540895392173546766536911699e-1 7.4830135001970435328905729660312498007579139841787392525817e-2
-1.5096720321252499795466584997356305020527415859271426571012e-2 -6.5950173757392633396143857135234915221299775870498356705876e-1
-1.2588862993172605377806099782787921705469794750378431485661 -2.1253969875259562715380797117762395980973811260947408012707e-1

6.0595074723101493331122147677098167228712839984788903368509e-1 1.0792537504647641319574339838095872036419424868544128247647e-1
-8.6295122315944770724365164842620174492252634646896978614713e-1 5.5844026482556338305135480781495290231178771801569812236806e-1
6.9911480649529046122472388156379558133235389313837454701959e-1 -4.2533151594770155858388916586495763453198617355957292575970e-1
-3.4044400515071576152058599164937759210711553419306590997914e-1 -5.3640990178643164768979226137197849756008117075943089380485e-1


1 4
2.380243105144668135837213805494201883730362114112576244613197292116482816385641209519780069003806162379740806594012516986672439587666179243604907935946530631148235093205230864967733052019598770936378452359482739482163184100898659075854725978101657197321491375435283872879768682003832969199405000638762649397317e-1 -9.687680841772933459914113411494698642929103269537605474229581576056402084734600133755610206783994753889954502567996861972725243137934000251739612526904461106138126780537132465325939862441271423940060120361340144756960700753071022961824817594165133125692798463541234930027080738665430004352994295363067075684044e-1
5.317255973066339138101579532485252986120150299023491144801064042925323013142745482347060326031520596216829737999226949578490343934692806400594512838581032114606971766844505022413971535286071646480062100519561669771229836922356546949689927131159663540460591242277734604391139479520947483736425678609048074911621e-1 -5.625545032495539449935772495644564788249552634929729650259505773486170158023404677071775364664728395154792112787930179216609571042869444406721473317744492545028630978763625296844772403727045543395110022156184393603067542509679650896566146652657716513465363340867977037366487029172434423994084477617749492565128e-2
3.996432263214474253649090982931164789108630154546447928990425172489506678509308213535607252860707372236840475328270876485322801070345486163140872549099458802767934624902424074749446098181197923696825094767937591063694534578399073810754595391566166303506782774947828632574269055000286288057045557033348426019668e-1 -3.527279509713129093017106802357154024079636998481653771189803797598087725037634743105722518085433642008844196040832132142746046140153883392183478087602788115825097823110943207348314117328156898121870693313815005753550933681875917096076638408917151359732381911519811186984744194144389692080779978691220046656787e-1
-8.820305496646916199919110268897668524839879156938770228486701027085908153260757075540109211724481411301713711019431090959606282600181863080489408668071060509394334939113265390836452253643723840423940018494554850540547481517273994216405310801168528696672378696108627210184809956998495653760988513235496780713590e-1 -4.679255854897829539916259940088024253300564199083967822770283731219899205561341050137064218610053480448869462119982933827617852134071247552527030642844827209259993425829595619714272652075464455110069063564108114646100148651980011773683512548470357376617661076286872923931215036591373323339647215478387720141178e-1


1 4
6.372643394581858342593482552484379009110080927018458599559575078516870864561108948885708394363043633506092633114117241965870695506528069431991134249884720428541870102677814956555808026551836643614826031641476297135293692610832453430737500535182055257259327871697867614176704590801743290872301620790121428889703e-2 -2.986760489803941784153589347236330964856812180899222604226692305051271274396043912430449577056310645983447990222654157317196233169901712584018700811164629026644735963913411187666498353367815884264182536193201568378115261578308119917951909134365307123479191338807996306368295898177679811170376308230602011575961e-1
-4.188785566936262873934256486682820125781843526252875152266275740358938684848282536944566536868057051608545001050217179195302195107513039105423580622103285052475711725842108180155941109609959791693373850904528439921243585512187876480350770295473113684007109542596130876440479977268172335420302364095530389648292e-1 -1.378555474985123564212929869374615493967709257952336113164276839789581964033601456683419511198968633673768605124435933083587032017868316993341561986320177708362589345107703196708610463104047862888613322583774776712415954731877596801348747671041074727749757290352857985292112069153679975097974446943297030304969e-1
5.197453878816439535029155360018242672872721140208016214534211486131175127574103604830177035207613338801019955424840514410904661884672691621998513653298598120882642315815732906559107080446068039218653832847093281370274936188958343072480425827784754255722861094691291369313858168531063441604429707879024413738086e-1 1.477906464614808190716872550203957058154430164378687465093272098423327828021047311160896399823089285800572482002001231853286651689943686155286097419980071821166300961535395905595327542479161087782746132283141400029728598092254593324388674161996462996339997700492707526089380405893392999221723263596118095626837e-1
-5.949948590573403909277448749965209016210469187165492171146741844744811100699948767245615137883554324639382577943111334817475248733081127941541536453864607075136577016284461720484145718637261273559018437364574668472691738824453516499491230799829606215774402480636895758434739899162945644744827883306178357515349e-1 -2.574333631015083005680986190496150807788160735974041022840407025047859321381392215929837852711424117286700166716755276926340783606546360987520525786305218598895834729003433325468701617213368292958082424416590717506042575320399953325342992799214002044717586800911979365840673700783855754814243619274067122494098e-1


