6 1 -1

-3.0495579484628997796259469568501702748973408979822015334183 -1.3755295274947968460641912005079218571019097905789635988765
-2.1465556999889457238196470635241326012630661428805932416715 -5.1113196224991302277110398467922295985493674794560051549398e-1
-6.7264268082744050757934658382212460454893492408675268117888e-1 2.5154908720489414067418674562758723527493930931116978859028
-5.6396945780553098555242575643454810750457514974287181735979e-1 4.5149603449157730510399255025373316922384525639147979566381

3.3713360198224547913867441355702877048526301941317337923966e-3 -1.5167882012819078869050741585343248547596700964651025668548e-1
-1.2652835418677006468238280903051411695477139764050821484042 2.5672684401186241788800468795649283185676938905869882927072e-1
1.2035829276969762989999098645388372116597566800484939078854e-1 1.6623643306701048391740738874535646522454612074665733649411e-1
-5.2706644869955029040487520416462821009585639736370803167737e-1 4.9763293098442189389116321307355295039353076574614678576083e-1

-1.3728346245854016535094212908162670850732778487819547474014e-1 1.0572089883731330293024093540535765076392630063841239365807e-1
-1.3425968427582599840534243139210822408203894171807621284464 3.2664530535541470436286367343046640105992689881928396387144e-1
3.2000251048575767837221350847381899455771152754528421472088e-1 2.6129838613429139043757509069464554160717669855170131837595e-1
-1.7171745453836473763217823001901854811505962610077265202700e-1 5.4337951438701174650491075538048241349782435943339629351517e-1

1.3187803122528195197409359968893381666423746190593855382552e-1 2.2886235590651188058938155475867404839415001184058088872241e-1
-1.2666825683666695098240397472580451625870965507247072518822 3.9945780827637803800762863645845857340020234138690081493527e-1
4.0138876595102058153115173547799457451965485394385492137197e-1 5.3536559472055649606409440211953763088365384451091359940198e-2
-1.5112187882774950663181889137277086539253465465996806441196e-1 1.8242406332488417447117606806501755778324134541359501988440e-1

1.3232200695139342285516957823211638163545516363887178812119 -5.1942616706373941537882209851375179053798764405119503193006e-1
-7.7936381274083565474002901829800054264192208196540438808546e-1 2.8773927890040599303602613954534656324258240687881610247718e-1
-2.1184627435217073986496176135675428085938878588742681877421e-1 -8.1174747269081638784457574453435339322224008483820530645746e-1
-1.5316128907738062478941645753637901234043245400210981154750 -8.4089155762925242738282448198695720921682800007132230847182e-1

6.1333357987045063788114853946517393051397223712388338505039e-1 3.0504031434580170575951847436138723899579191539725740733412e-1
-1.1140353298453836139754369719964449771479073777401251449351 4.8134832801908351193845621430689923440410240152022804640899e-1
4.3851421821511689482642108519663310797228288892881582442074e-1 -3.1204295339306790328993108903709750507377634552262774772879e-1
-2.7823678035869110266624494024243274359991396964783592558398e-1 -3.9924146202417038726613352672945021378765683057495960070335e-1


1 4
2.380243105144668135837213805494201883730362114112576244613197292116482816385641209519780069003806162379740806594012516986672439587666179243604907935946530631148235093205230864967733052019598770936378452359482739482163184100898659075854725978101657197321491375435283872879768682003832969199405000638762649397317e-1 -9.687680841772933459914113411494698642929103269537605474229581576056402084734600133755610206783994753889954502567996861972725243137934000251739612526904461106138126780537132465325939862441271423940060120361340144756960700753071022961824817594165133125692798463541234930027080738665430004352994295363067075684044e-1
5.317255973066339138101579532485252986120150299023491144801064042925323013142745482347060326031520596216829737999226949578490343934692806400594512838581032114606971766844505022413971535286071646480062100519561669771229836922356546949689927131159663540460591242277734604391139479520947483736425678609048074911621e-1 -5.625545032495539449935772495644564788249552634929729650259505773486170158023404677071775364664728395154792112787930179216609571042869444406721473317744492545028630978763625296844772403727045543395110022156184393603067542509679650896566146652657716513465363340867977037366487029172434423994084477617749492565128e-2
3.996432263214474253649090982931164789108630154546447928990425172489506678509308213535607252860707372236840475328270876485322801070345486163140872549099458802767934624902424074749446098181197923696825094767937591063694534578399073810754595391566166303506782774947828632574269055000286288057045557033348426019668e-1 -3.527279509713129093017106802357154024079636998481653771189803797598087725037634743105722518085433642008844196040832132142746046140153883392183478087602788115825097823110943207348314117328156898121870693313815005753550933681875917096076638408917151359732381911519811186984744194144389692080779978691220046656787e-1
-8.820305496646916199919110268897668524839879156938770228486701027085908153260757075540109211724481411301713711019431090959606282600181863080489408668071060509394334939113265390836452253643723840423940018494554850540547481517273994216405310801168528696672378696108627210184809956998495653760988513235496780713590e-1 -4.679255854897829539916259940088024253300564199083967822770283731219899205561341050137064218610053480448869462119982933827617852134071247552527030642844827209259993425829595619714272652075464455110069063564108114646100148651980011773683512548470357376617661076286872923931215036591373323339647215478387720141178e-1


1 4
6.372643394581858342593482552484379009110080927018458599559575078516870864561108948885708394363043633506092633114117241965870695506528069431991134249884720428541870102677814956555808026551836643614826031641476297135293692610832453430737500535182055257259327871697867614176704590801743290872301620790121428889703e-2 -2.986760489803941784153589347236330964856812180899222604226692305051271274396043912430449577056310645983447990222654157317196233169901712584018700811164629026644735963913411187666498353367815884264182536193201568378115261578308119917951909134365307123479191338807996306368295898177679811170376308230602011575961e-1
-4.188785566936262873934256486682820125781843526252875152266275740358938684848282536944566536868057051608545001050217179195302195107513039105423580622103285052475711725842108180155941109609959791693373850904528439921243585512187876480350770295473113684007109542596130876440479977268172335420302364095530389648292e-1 -1.378555474985123564212929869374615493967709257952336113164276839789581964033601456683419511198968633673768605124435933083587032017868316993341561986320177708362589345107703196708610463104047862888613322583774776712415954731877596801348747671041074727749757290352857985292112069153679975097974446943297030304969e-1
5.197453878816439535029155360018242672872721140208016214534211486131175127574103604830177035207613338801019955424840514410904661884672691621998513653298598120882642315815732906559107080446068039218653832847093281370274936188958343072480425827784754255722861094691291369313858168531063441604429707879024413738086e-1 1.477906464614808190716872550203957058154430164378687465093272098423327828021047311160896399823089285800572482002001231853286651689943686155286097419980071821166300961535395905595327542479161087782746132283141400029728598092254593324388674161996462996339997700492707526089380405893392999221723263596118095626837e-1
-5.949948590573403909277448749965209016210469187165492171146741844744811100699948767245615137883554324639382577943111334817475248733081127941541536453864607075136577016284461720484145718637261273559018437364574668472691738824453516499491230799829606215774402480636895758434739899162945644744827883306178357515349e-1 -2.574333631015083005680986190496150807788160735974041022840407025047859321381392215929837852711424117286700166716755276926340783606546360987520525786305218598895834729003433325468701617213368292958082424416590717506042575320399953325342992799214002044717586800911979365840673700783855754814243619274067122494098e-1


