0
-1.354183959752115e+00 -3.261286564410323e-02
4.583445767336203e-02 -1.014601917144392e+00
1.209613512585822e+00 -2.083005581714222e-01
1.140410299238149e-01 -1.160532771949119e+00

1
-9.031697679503332e-01 9.996988640572924e-01
9.384845079274991e-02 1.627374032365471e+00
-6.329643704930170e-01 -1.790184980435866e+00
9.196613093866670e-01 1.452037843720636e-01

2
-7.909048754771250e-01 3.979408506812640e-01
8.785306703181096e-01 4.249100558710245e-01
-2.873100294161464e-01 -5.166709723042960e-01
9.559409706034149e-01 -6.877012803980712e-01

0
-7.255094709299240e-01 1.014502685102692e-01
6.813975613789128e-01 -8.569460562514564e-01
1.310628067481571e+00 4.461431400133993e-01
2.832048854305844e-01 -3.222775789182986e-01

1
-5.581238742053793e-01 1.208729811624478e+00
4.757355800664961e-02 1.692192324204866e+00
-5.147864305631466e-02 -1.546953189203003e+00
7.207100978065485e-01 1.138799693258636e+00

2
-5.900814007037012e-01 6.274911603732021e-01
5.013862886195187e-01 4.043951318472468e-01
5.549763907573051e-01 -4.483625883035139e-01
5.664401105902579e-01 3.611500221724360e-01

