0
-7.534764477231357e-02 9.703884159650511e-02
-4.622223159687191e-01 5.952875930919562e-01
9.139361564112367e-01 -1.177041514426961e+00
6.894632544073965e-01 -8.879470052876071e-01
3.479770632078035e-02 1.695599651273668e-02
4.081753400331837e-01 1.988929838762018e-01
1.155736340442005e+00 5.631595708500775e-01
-7.864899792444311e-01 -3.832356426724351e-01
-7.109994522165483e-02 4.810416611623200e-02
-5.663446510603912e-01 3.831724073586343e-01
1.541575527278646e+00 -1.042985406159558e+00
4.224220687584280e-01 -2.857985516496415e-01

