0
288
4.088006214688479356251715047334420797977724445202612972116011025325099040979502188900512 2.516233251615537490931476405288969757983843436202413357134051122347732538777916253255440e-1
0 0
96
4.08800621468847935627479885643 2.51623325161553748928944349266e-1
1.81993643903056e-85
1.000000000000000e+00
9.30265451118209e-116
9.76562500000000e-5
1.24370131494137e-19
1.000000000000000e-01
1
0
0
1.000000000000000e+00
0.000000000000000e+00
1
288
-4.571188472891443188297018979323123301769879084626977504317224403007937664675224857247281e-1 -6.957515147413299029667767337104815199537182776127054727821576189724193319717801697371064e-1
0 0
96
-4.57118847289144318787856748301e-1 -6.95751514741329902948452322990e-1
1.96307177709246e-87
1.000000000000000e+00
6.26604481320987e-117
9.76562500000000e-5
3.42637878075115e-20
1.000000000000000e-01
1
0
0
9.560749909713653e-01
0.000000000000000e+00
2
288
-7.903605400064555863890073328021693894691819169695445076660378795969815797500341634309306e-1 -2.752809165260669052071060653754299163910612919453632051315050039380832731558526881676239e-1
0 0
96
-7.90360540006455586400830798845e-1 -2.75280916526066905215159453268e-1
1.12405162970171e-87
1.000000000000000e+00
9.38864111484346e-118
9.76562500000000e-5
1.07300263921622e-20
1.000000000000000e-01
1
0
0
1.000000000000000e+00
0.000000000000000e+00
