4

0.2070536837435122983527530952641387224762069389324074617517909275332414761470772319555810e1 -0.6924983339918207196971801160239262360246522749501949007412067348294703107465231807058903e0
0.1832672325431468941525344653561454198325469647454624967982639078794667823354784597838091e1 -0.1180916203458009140522373633077697082871394293956739732189709262142998175914452296542447e1
0.2204745868060678202050991059187376041532266595243037403477128580964830441376396949829285e1 -0.9629048512082263373940321456726639128077969381753949924607813059439905350911990102497900e0

0.6630752733143502537867030777991237095103225537680512913224347650247604028350130612748323e0 0.5171676549688722418986627055791024774716155259517997560175247037126156805012719628993741e0
-0.6615821665180272246805367098383170259791395864251135686266158395613997668182131521697234e-1 0.3099698977981846446166755755040282452354440061449206316747884497079256173328835842670253e-1
-0.4218075094190347787452202544495186393987667074052021001565426335685799073262893727076580e0 -0.6494976738649722594467270396026128740805723787415675978876940492145021160623099579166258e0

-0.8191608928871958037398596157655798697401684369907383310901048375035425361139874673654300e0 0.5920459348362943568487762008592914962270976685571426281242585395947114962172417422100325e0
-0.1444611313002805763423844815712936765710946429622829239919643195226243974751415038791340e0 -0.4484253916726549548474198803103180881814480487027419933251476474852713474309900188495592e0
-0.8596899005601482036904308793638853254155271095359039654531466678125125123025007591837582e0 -0.4971263691475149181500149621771079848367714382135620290767748079255013699109743231560754e0

-0.4639092816757334055275723442979447440487541633504739100790202405409320603527763612094056e1 -0.3173198445266281387188885705839173751341574576163867183713851308177774261340075442631248e1
-0.3780834895529766433956009861282985647493633419759081947699866988623557126334248105056175e0 0.1098151545417067457577062000539241679319264543849117947262787885243060638289797885558405e2
-0.1397912552199228913114729899710671824420082377011957159740179895091268547578315719729835e2 0.5887977499684138284542394819611580163476544642807488304627039718022955057164166073926004e1

