4
1
1
3
288
-1.354183959752115508343252887835134906669592392970619496134324694752938475948119726138830 -3.261286564410327588788850245436501832315109092320515272133548179025287269616309449179362e-2
4.583445767336212541788078990757126442307718533545745898614264224426863306006064240722729e-2 -1.014601917144392493010888051291952726590561377342432816080569453369865776690966097747033
1.209613512585822146556658243733492141996092176399074882452585556925246598186094437283194 -2.083005581714221890401013960502337700681108065723291517149335870389794773718344651641152e-1
1.140410299238149807600164276004012577804139217216751302518527233462360963770411548752385e-1 -1.160532771949119076109564436920268479770411872343885554854623482729152896369712186786143
96
-1.35418395975211550834758860509 -3.26128656441032758905649605313e-2
4.58344576733621254108975074554e-2 -1.01460191714439249302058717796
1.20961351258582214656758325528 -2.08300558171422189038965803180e-1
1.14041029923814980753658051984e-1 -1.16053277194911907611234414477
1.000000000000000e+00
0
1.000000000000000e+00
0.000000000000000e+00
10
1
0
0
288
-9.031697679503332515771360245092771068868838154571913924330924997997081495222245367850418e-1 9.996988640572923691091535068319008562453929161993364034222341172889888414044268664955632e-1
9.384845079274995853107020168955237717228881018226720548709450764017820080983207225676003e-2 1.627374032365470955856693455781871682876778988828401090337338703415648577288225515120920
-6.329643704930172382163252945675294163974956134304958364367064615548301738218536373409247e-1 -1.790184980435866174052242535539259264335468854328520830474377360669372106255851511001373
9.196613093866669819166276788163502944202567590048070815872457189425738092953496704158796e-1 1.452037843720634831578711943056585441135957431375550300671217442013126563030446085858430e-1
96
-9.03169767950333251659784780617e-1 9.99698864057292369080347398830e-1
9.38484507927499583779637182488e-2 1.62737403236547095571992280742
-6.32964370493017238028875150873e-1 -1.79018498043586617407372457522
9.19661309386666981799671289540e-1 1.45203784372063483134836809496e-1
1.000000000000000e+00
0
9.560749909713653e-01
0.000000000000000e+00
10
1
0
0
288
-7.909048754771249467490770076220043018363143584027073555150032301484345009181087160300088e-1 3.979408506812639726934999414665429792193894372276596898760297312979699221068877031167045e-1
8.785306703181095437635646622943860629358552672985330364399535865879615938273874976015728e-1 4.249100558710244449952724456481938427296937288103466108194769849645809883355617866621523e-1
-2.873100294161463175596573168671765594409296659373010478634079280851614457378936092540411e-1 -5.166709723042959971848576120942547320672758158003437481934959709798732947187077619574118e-1
9.559409706034147840458074800510358922177227030264121463771715031578763762487807533527124e-1 -6.877012803980710576579361051665618533187045151246062118105041874349565752072356538189804e-1
96
-7.90904875477124946739780265179e-1 3.97940850681263972690663422437e-1
8.78530670318109543786255121751e-1 4.24910055871024444997493994016e-1
-2.87310029416146317575050938263e-1 -5.16670972304295997170642646675e-1
9.55940970603414784057800970942e-1 -6.87701280398071057663539215212e-1
1.000000000000000e+00
0
1.000000000000000e+00
0.000000000000000e+00
10
1
0
0
-1

2
1 0

4
1249999999999999999999999999999999999999999999999999999999999999999999999999999999999999999999999999999999999999999999999999999999999999999999999999999999999999999999999999999999999999999999999999999999999999999999999999999999999999999999999999999999999999999999999999999999999999999999999999999999999999999993/2500000000000000000000000000000000000000000000000000000000000000000000000000000000000000000000000000000000000000000000000000000000000000000000000000000000000000000000000000000000000000000000000000000000000000000000000000000000000000000000000000000000000000000000000000000000000000000000000000000000000000000000 1966706017489198319036544193660189742570154892446544243566936212076826195766399918210120762017633285697218245388428731061831582972389030185126932649588801658405341031758128096359266486256411040979650038512730864717969242188252495178998728125794270345407799968594350693222733746237396349528999436795830484075403/1000000000000000000000000000000000000000000000000000000000000000000000000000000000000000000000000000000000000000000000000000000000000000000000000000000000000000000000000000000000000000000000000000000000000000000000000000000000000000000000000000000000000000000000000000000000000000000000000000000000000000000000000000000000000000000000000000000000000000000000000000000000000000000000000000000000000000000000000000000000000000000000000000000000000000000000000000000000000000000000000000000000000000000000000000000000000000000000000000000000000000000000000000000000000000000000000000000000000000000000000000000000000000000
0 0
-1527731678169597768998695698233155184551465098993782327944490164973842815171223147916479193107613162315623013187103463407886609179357257403731868453571458684165087389655105776129584417139835871456494430436038502416520071813466477334502995768246820982634556528560713854532036352231020809891921046489605659524209/5000000000000000000000000000000000000000000000000000000000000000000000000000000000000000000000000000000000000000000000000000000000000000000000000000000000000000000000000000000000000000000000000000000000000000000000000000000000000000000000000000000000000000000000000000000000000000000000000000000000000000000000 -2616087828846124954910042690444067711978183264131098986689916292058234372940691116878832447251809979614276193652262888749857882052120468510805705623097808753273002417240923925494683919593310961879092104275758988007239981347411867790684844046493312808594933868453806375900624540957584948831746984145171119496759/10000000000000000000000000000000000000000000000000000000000000000000000000000000000000000000000000000000000000000000000000000000000000000000000000000000000000000000000000000000000000000000000000000000000000000000000000000000000000000000000000000000000000000000000000000000000000000000000000000000000000000000000
-278811525964297693316944249154408366769104737362651033937576836615771606265421502769914257013783600057388521922882740821474338838854190887234101212314238643247769156129606475762083397747295413539846644581859716872495083160537566884545525669970351423952119300836575585834955964246003890267140723611853225647033/1250000000000000000000000000000000000000000000000000000000000000000000000000000000000000000000000000000000000000000000000000000000000000000000000000000000000000000000000000000000000000000000000000000000000000000000000000000000000000000000000000000000000000000000000000000000000000000000000000000000000000000000 -1960900981986854536686720365954650527513021572694556523429864004674455136096615216245919652551966769504206973473074194739070412689325273821949692891270845128944931484955024675224787402317076983404779524094223127740261054145573519094595531229108499080852123091683321152816199771931245692831096289217336800145273/10000000000000000000000000000000000000000000000000000000000000000000000000000000000000000000000000000000000000000000000000000000000000000000000000000000000000000000000000000000000000000000000000000000000000000000000000000000000000000000000000000000000000000000000000000000000000000000000000000000000000000000000

0 0
2 4
8013116250855746352927583471974375319388820045232864590711924941671383594553446914384290479131909123040694984434723913502058075203067286321929911890793054304176239225369289124111776094098736507375615508343651886241230184657636143753154990263476042517223264864172482067163571841077443009046907306398046651552359/10000000000000000000000000000000000000000000000000000000000000000000000000000000000000000000000000000000000000000000000000000000000000000000000000000000000000000000000000000000000000000000000000000000000000000000000000000000000000000000000000000000000000000000000000000000000000000000000000000000000000000000000 595724728411363478987820501691429486967736650144589137979912339154295080349728724520048340032449291164834638641828318703396646765021115295806688180580719930563238452209884452158565662005887138315394882547141450372632140100928516227468684136269431026340773394885234241771139912708881122387300296943777299576603/25000000000000000000000000000000000000000000000000000000000000000000000000000000000000000000000000000000000000000000000000000000000000000000000000000000000000000000000000000000000000000000000000000000000000000000000000000000000000000000000000000000000000000000000000000000000000000000000000000000000000000000000
-275680426790106359031566741055539156809987300192034398630881377817430033740900482699068491056923666649220494427353688902478652059465901223985585727706603400001745557909340204756266416869962437745056189154315821248317841886402164400842183808616357491967874158184953073291848480693915880062293884322372387191619/1000000000000000000000000000000000000000000000000000000000000000000000000000000000000000000000000000000000000000000000000000000000000000000000000000000000000000000000000000000000000000000000000000000000000000000000000000000000000000000000000000000000000000000000000000000000000000000000000000000000000000000000 -174526922710739567996064640847159227102321702313153949337059036405454667820222336449593186808390274612201051997323278360348003714300854050436425022824714208431641054237960610813403517184447879648059268145405678104603971221868666250233526900155257757389391846216166250065508658589869752134511472747090054563613/500000000000000000000000000000000000000000000000000000000000000000000000000000000000000000000000000000000000000000000000000000000000000000000000000000000000000000000000000000000000000000000000000000000000000000000000000000000000000000000000000000000000000000000000000000000000000000000000000000000000000000000
2421057490723804792443893376356780885202999391367901099673094790933986473580373642555102662438536663045816030961719634741829121779679524418988717489299330074764447317694561938630602387191590862803001078774341392503724129102519993581755837655400377617150512624469653305078310744447238719607913850691151732093479/5000000000000000000000000000000000000000000000000000000000000000000000000000000000000000000000000000000000000000000000000000000000000000000000000000000000000000000000000000000000000000000000000000000000000000000000000000000000000000000000000000000000000000000000000000000000000000000000000000000000000000000000 1697195922015461415299661026953013234269003896199640177528235051665486404431391247190061865385161490148526011315165407316436320412385996357008309217587292378321653565342422671423915934054389974940724561834136922485687360343266454371954996291413319470944427487377348457497223237392043501298566733470875481318857/10000000000000000000000000000000000000000000000000000000000000000000000000000000000000000000000000000000000000000000000000000000000000000000000000000000000000000000000000000000000000000000000000000000000000000000000000000000000000000000000000000000000000000000000000000000000000000000000000000000000000000000000
3339537946009892725579430813601392623348794472949617782833762181269423411120259604722641427335786556275503683821133545951672880870704947098304531319982804630619442000726754377801058400543917423295575880412484057438795090138694994068479631515495048472762332558450139770210288505645991545417211323318979307409963/10000000000000000000000000000000000000000000000000000000000000000000000000000000000000000000000000000000000000000000000000000000000000000000000000000000000000000000000000000000000000000000000000000000000000000000000000000000000000000000000000000000000000000000000000000000000000000000000000000000000000000000000 34121685703456758507320720995110161866061482600417185520553182553003655813120436724130396322162851233609149259983340008786716848887644229073241807096830896332734513844732701691666565790003138189975304706351689604736011354333590963018530472411724877803403010705686164563571160407357068646291963702107244925701/50000000000000000000000000000000000000000000000000000000000000000000000000000000000000000000000000000000000000000000000000000000000000000000000000000000000000000000000000000000000000000000000000000000000000000000000000000000000000000000000000000000000000000000000000000000000000000000000000000000000000000000
3052054794224066762097972596993173099853622063185720591368075532096205665889685814167330067186931805613274345024434616518243260690103380668437707835896470540384756627795909399162803427542520479691776586064506211252137929787585989363989340004653076182660900741154542188592540160115603177742207248974429396912611/10000000000000000000000000000000000000000000000000000000000000000000000000000000000000000000000000000000000000000000000000000000000000000000000000000000000000000000000000000000000000000000000000000000000000000000000000000000000000000000000000000000000000000000000000000000000000000000000000000000000000000000000 1567924011935710775693422311695076599081768492796335255784846613231547352783960602691380500530693751015887858309723296530515275567840192489192277839443368341267051206310701441181394434851374819972660702456573984433738003355103532254258228676873010228080492315339337598962996474142765148395253253360715459165309/5000000000000000000000000000000000000000000000000000000000000000000000000000000000000000000000000000000000000000000000000000000000000000000000000000000000000000000000000000000000000000000000000000000000000000000000000000000000000000000000000000000000000000000000000000000000000000000000000000000000000000000000
-1982639281191370676987713242679695630573159770260500431644089504482164137367514663264693074399405612889370089628047714720416901957435205796512167299995798379233223467695698708328033007532701657211088952323604185114558385434471416623420607279383530536740353711551420608211841584879233065211512110887000136971443/25000000000000000000000000000000000000000000000000000000000000000000000000000000000000000000000000000000000000000000000000000000000000000000000000000000000000000000000000000000000000000000000000000000000000000000000000000000000000000000000000000000000000000000000000000000000000000000000000000000000000000000000 3923464887603315310335339483990012804226350423411844368845950588765536742040166197343945688066718218644923561855879191139037890130736517084271397978040142689897885911225666702469425861705055024252414184970047040534351546513718865102376926109728816883894792478842506654330909604371679589347250305451675660903711/5000000000000000000000000000000000000000000000000000000000000000000000000000000000000000000000000000000000000000000000000000000000000000000000000000000000000000000000000000000000000000000000000000000000000000000000000000000000000000000000000000000000000000000000000000000000000000000000000000000000000000000000
-97568958232437070002317399482941561108903395689588223804976965597205143377149518847527323158137915296973544646724829650570769092556501262211568703668758872380527496221480244461321707382373952803161244626740530757007213515322066563014664127932404401231697778544678348193635241020438524484914397850446596916781/312500000000000000000000000000000000000000000000000000000000000000000000000000000000000000000000000000000000000000000000000000000000000000000000000000000000000000000000000000000000000000000000000000000000000000000000000000000000000000000000000000000000000000000000000000000000000000000000000000000000000000000 3395674815332089288177823796513269223990837736128442132452456892727849666373422026770250996904958157116570756063671374923451113822570033296340436398818433088309480447748303298568740620689380412177043606160211714310112212332097672177515734870757973483819731182481980948341726051011193216920720589548171628460997/5000000000000000000000000000000000000000000000000000000000000000000000000000000000000000000000000000000000000000000000000000000000000000000000000000000000000000000000000000000000000000000000000000000000000000000000000000000000000000000000000000000000000000000000000000000000000000000000000000000000000000000000
4721981422879797045142450487898607140899439873001676311906190851524616757491718748177574331461846863054765482975748782817377630265066944017463208502308361470456541853137274737954654254950622765098000395653514495773537498161413920086506772215933173267168807178306747044427540254919814378311353622050350290488913/10000000000000000000000000000000000000000000000000000000000000000000000000000000000000000000000000000000000000000000000000000000000000000000000000000000000000000000000000000000000000000000000000000000000000000000000000000000000000000000000000000000000000000000000000000000000000000000000000000000000000000000000 -892204116601062339189609952970359697948485042397744943716014142779625238117058603445063461995584628288271336268828610380328444308629119893284609968447164829241388432617365324444491768474757985574550835120326525369604777818905257491998706937681286066916466246125752101212149938296248774509910765341310131079711/5000000000000000000000000000000000000000000000000000000000000000000000000000000000000000000000000000000000000000000000000000000000000000000000000000000000000000000000000000000000000000000000000000000000000000000000000000000000000000000000000000000000000000000000000000000000000000000000000000000000000000000000

4
-1180609251905729634667963189814162568851726642630537349025186162945780338088166149106576107579322335664050467417785139897727366550001729664682781151263918172776314256714565678595575803933377522835361918180156319845278823401333070379450731981442575464529867768664304418386493353038182639826123974249114733319949/5000000000000000000000000000000000000000000000000000000000000000000000000000000000000000000000000000000000000000000000000000000000000000000000000000000000000000000000000000000000000000000000000000000000000000000000000000000000000000000000000000000000000000000000000000000000000000000000000000000000000000000000 -3804638995448219515277730615653943821304017166389147442724186304852157489049178941305732946721302219264745066779750830101401547095154973117144063536636182125768048704973801301817338267421948255082848575474012766238409681964178790809708771015802278372101473509810139206363987236710406894738168820165518748257687/10000000000000000000000000000000000000000000000000000000000000000000000000000000000000000000000000000000000000000000000000000000000000000000000000000000000000000000000000000000000000000000000000000000000000000000000000000000000000000000000000000000000000000000000000000000000000000000000000000000000000000000000
4235698739535829051322835886363699274660892812234115171607600733699965449381027547346211367386992070959266492700496721541234434962460933345443577876696936079610922144066948636390131676364314126903302538688642196167202270667595376827475018325744808621539112875170313798984881173561648060982450791973215571197541/10000000000000000000000000000000000000000000000000000000000000000000000000000000000000000000000000000000000000000000000000000000000000000000000000000000000000000000000000000000000000000000000000000000000000000000000000000000000000000000000000000000000000000000000000000000000000000000000000000000000000000000000 -4157881385488949176853911701136243103107631142197397850113866556673013732306391883346604954831157293957749002107113437785690340172546044893845393451985208254314631782455987645321883555807756373056929720995166539331690006818494953409566153006317756357439612096978046497263830115787322761870273791291289960486801/10000000000000000000000000000000000000000000000000000000000000000000000000000000000000000000000000000000000000000000000000000000000000000000000000000000000000000000000000000000000000000000000000000000000000000000000000000000000000000000000000000000000000000000000000000000000000000000000000000000000000000000000
5802486248715650414030429274609945971425327171035104591387033121929877661372070266159998885881968636907813525801941746392878516599499647786272986712902046998733154808731793557120594129296061776293387335238289758798017675478759971008907180596086551238056439813957273237252681003996399398397685643476242461490867/10000000000000000000000000000000000000000000000000000000000000000000000000000000000000000000000000000000000000000000000000000000000000000000000000000000000000000000000000000000000000000000000000000000000000000000000000000000000000000000000000000000000000000000000000000000000000000000000000000000000000000000000 127695099373210663473554536733454043447424716624807325928210792282112039557870935539702586883801393209663854565376904728358613211341474240038487700415335416681678121927639690362463337489737565908642835863182233065279585207345182887192108301896229903306957337421707067029833226496858964491285362916422336175373/3125000000000000000000000000000000000000000000000000000000000000000000000000000000000000000000000000000000000000000000000000000000000000000000000000000000000000000000000000000000000000000000000000000000000000000000000000000000000000000000000000000000000000000000000000000000000000000000000000000000000000000000
69080809388712792350549938850550845782910035315648751382782089002512318693170361693791724625857342234490793273064912533025146999219386929762694872460272295013378348133696205763059426441761325562310397040559599759613790069661291669987058698203225054600947504990332946731804166040302176605559010896002912235211/2000000000000000000000000000000000000000000000000000000000000000000000000000000000000000000000000000000000000000000000000000000000000000000000000000000000000000000000000000000000000000000000000000000000000000000000000000000000000000000000000000000000000000000000000000000000000000000000000000000000000000000000 3281024749714138309463721590589566809474813822899780227364386795130950108639981053959186994123447495835387643227381509495583384167284341343936300746223588620591489961155090476498282736329885243094709039545225693499264084154389809948798977959765652864258845343881734097839278374042007059096178003261890731060871/10000000000000000000000000000000000000000000000000000000000000000000000000000000000000000000000000000000000000000000000000000000000000000000000000000000000000000000000000000000000000000000000000000000000000000000000000000000000000000000000000000000000000000000000000000000000000000000000000000000000000000000000

