
----------DIMENSION 2----------

NONSINGULAR SOLUTIONS
---------------
-0.1579353755578810388430962298963419337161342230371686196206586912896662999137987771464910e-1 0.7496152811088993496753747045867292953633872287841425324392300659046174514692995822393010e0
-0.8890215696165169093514789971442782075944626678178274274846970059230408905903464526976866e0 0.1752303278052948897953644099111040705342600423709232690471098550886234175173988304092910e0
-0.6353787395140017480637818141393932488377540017623155103767193239090669166776084579687494e-1 0.8585280572282246278900120747870484283058505604614384265668421371583328681016362618067991e0
Multiplicity: 1

0.8496013785089645933607441704156925973549723909842435976854532810855398301283463924171755e0 -0.8614421418624525886757647311054725302104326547879568585560851364921881396404913672585020e0
-0.6710167944361380909448555919228474244139482381394081620673131844589876078911987151456041e0 0.1239379674781418525769393548129151975832396199548717582900487907456820274921444456694405e1
-0.3776349261532944956512845457430702629946095532438288579083214594222047771785291206215764e0 -0.5787671483536824521436998637279429089484416022371443061537445538947567063543464569064155e0
Multiplicity: 1

-0.6706895565354701559796743081644507818252117680618105606733966040969852061345970045702919e0 -0.8747004222529893160109805208935048476613416940219421355187268705173011737291178046364494e0
0.2759377892732903395555367403807074020203693664824746354981245258732014768871449559595130e-1 0.6671493380867508955892386808995885713364168153949588421992614663727037748163603886747904e0
-0.1313610539946101473778062263411244057381185818126839239297637691617750940740329450540897e1 0.2085737359610145471881831481540743168261660055433321930450507338469139332664201309446791e0
Multiplicity: 1


