288
2
1.536531998135493345228835887788330459888678067638895030828481478799235985419911541057451e-1 -3.800445561031959708659542271598120006429893658726568523879392777618817291882881014973331
2.846445339990218871964303810960796449071776065762035559745598446758690763651614316636184 1.752032662684021116636882020615054903867850878277773237168397882595710604127179192173980e-1
96
1.536531998135493344040140733143298445943348348792403638973791402122515137307345867156982e-1 -3.800445561031959708653613603805564581479211789752318943237663351197852534824050962924957
2.846445339990218871980376878701673056455152004821961605335323142185188771691173315048218 1.752032662684021115493547914244630396297399529440292774602749847900895474595017731189728e-1
0 0
1.000000000000000e+00
0
1.000000000000000e+00
0.000000000000000e+00
0
288
2
1.003509460044154021519910280362137423942016426171287617809066150239684267066011670837454e-1 -4.684544700863969294027125813185840548294609014990139159006715152790646172928970355135425e-1
-3.182881200162359980639861786404913534131930835708271494769055785438238792773006919134374e-1 -4.844460974180562817918163448815665061240491454532317821402269861977310600012844501279353e-1
96
1.003509460044154021592505236909232845924266693783205800852287303825960407266393303871155e-1 -4.684544700863969294346871463684498090065797196411285629319420920069205749314278364181519e-1
-3.182881200162359980348497427041044754061172780425340066504102942701592837693169713020325e-1 -4.844460974180562817790572073518018660363790188912622397370000282279534076224081218242645e-1
0 0
1.000000000000000e+00
0
9.560749909713653e-01
0.000000000000000e+00
0
288
2
4.417999102218099253693105103398532846649613947499441421037993092810986168301163668464478e-1 -2.903977141192774113763625123007331715161123096851417584738245758881739283379349402864347e-1
-5.503215890255110563327748119350099680676097600974750884722856211140948755423849380128432e-1 -1.916758539207775050726204377897296121229281872840171298365883115141894889419957410807886e-1
96
4.417999102218099253652321578959031308030449934465443075255752791719032757100649178028107e-1 -2.903977141192774113669391966256194671716348424995334702794491654742614628048613667488098e-1
-5.503215890255110563410073947725260766913136310300556789179560190916618012124672532081604e-1 -1.916758539207775050782279460050659494054051778865652405203084951423875281761866062879562e-1
0 0
1.000000000000000e+00
0
1.000000000000000e+00
0.000000000000000e+00
0
