0
-2.824772667187628e-01 -6.844684517463624e-01
-1.175185383722374e+00 1.080958582241055e-01
9.658773907581828e-01 2.605460253007281e-01
-8.958780404411811e-02 7.709400668743134e-01

0
4.145575657868865e-02 -5.743748719362031e-01
-1.170125004268992e+00 -1.222659955455318e-02
8.790732129731276e-01 2.639221555709858e-01
-1.361753184257052e-01 7.052030196857039e-01

1
2.006802502371494e-01 -2.989204388868145e+00
-6.807154959065247e-01 4.234047800725647e-02
5.229467396400107e-02 5.873817844553418e-01
-2.249029526947518e+00 1.206175195893666e+00

1
5.637374219368855e-01 -2.929967195149056e+00
-6.627399867585877e-01 -7.374653131247769e-02
-6.080070468678422e-02 5.879729236981137e-01
-2.353771437281307e+00 1.125575665515076e+00

2
-2.369684092251127e-02 -1.640889408749485e-01
-1.260927498671808e+00 1.964373574756861e-01
1.092897972387797e+00 5.754363434438928e-02
2.622247455402745e-01 3.564502528384392e-01

2
-1.537209008608884e-02 -1.561398871695670e-01
-1.257683084148269e+00 5.869133353639250e-03
1.038212637102009e+00 1.937767577344557e-01
2.443085413991100e-01 5.997038310441429e-01

3
2.318641249478639e-02 1.734774578565228e-01
-1.325066708727403e+00 2.295728261402913e-01
1.201360594938401e+00 -3.164880992078997e-02
5.350922949795314e-01 1.915721814882232e-01

3
2.688117738871391e-03 1.650897510639160e-01
-1.320587976762513e+00 3.209590262572555e-02
1.147146979470770e+00 1.182274204020582e-01
5.137701626707902e-01 4.656308588591619e-01

4
3.617816098855030e+00 -3.395644384527905e+00
-3.589057002294129e-01 6.964112186834194e-01
-8.266504255941783e-01 -5.252524894138659e-01
-3.859483095262915e+00 -1.581174933756028e+00

4
3.918833130197710e+00 -2.696916547811498e+00
-4.730586348315958e-01 6.129578047023577e-01
-7.017719732449793e-01 -6.406435981933409e-01
-3.391627807559259e+00 -1.844446742797158e+00

5
1.196470658793362e+00 -2.640092544241828e-01
-1.155049795162946e+00 4.331717144906912e-01
7.949288160770003e-01 -3.494879717490674e-01
-2.739641013961980e-01 -6.555216905787832e-01

5
1.401180364025037e+00 -1.025132249786149e-01
-1.168653634403371e+00 2.926497211473283e-01
7.518642851346622e-01 -3.153113216143308e-01
-2.323675405982709e-01 -6.377451110319906e-01

