0
1.980553193202934e+00 1.005017047734492e+00
-5.590774432733978e-02 -2.836997074463353e-02
1.284614130529474e+00 6.518679252713503e-01
3.710034510275157e-02 1.882629531641048e-02
2.026899285287206e+00 1.186639436620693e+00
5.042074797426099e-02 2.951860923947836e-02
1.286174689234853e+00 7.529854195065140e-01
5.342588169866367e-02 3.127795180552487e-02
1.980381979530061e+00 9.465132600030213e-01
-3.969098603612951e-02 -1.897010019991502e-02
1.212437317699857e+00 5.794781057327789e-01
-6.900781766343446e-02 -3.298192729354713e-02

