192
2
4.7330984505576567820737970827885398666954505058468928622282e-1 1.3051332693537122302248828754140860059647955309836122236441e-1
5.2227130913002948706970946832141997460396766171047381799335e-1 -8.5096270572812582741606188006816755260225191927986666751752e-3
52
4.733098450557656e-01 1.305133269353712e-01
5.222713091300295e-01 -8.509627057281244e-03
0 0
1.000000000000000e+00
0
1.000000000000000e+00
0.000000000000000e+00
0
192
2
7.7264803211121679233935367209778612633213045479644739071627e-1 5.2115349964006289869485692611820377083958061006520789560621e-1
5.9919848891222012844795695673904726950916649619379620596842e-2 -1.9069822833878877761461012636710725381110133720349433159672e-1
52
7.726480321112168e-01 5.211534996400629e-01
5.991984889122202e-02 -1.906982283387888e-01
0 0
1.000000000000000e+00
0
1.000000000000000e+00
0.000000000000000e+00
0
192
2
2.1910087350133846290631669758159413907426696608298482225718e-2 1.2484012174658347160926096390003203560230334318978857701624e-1
9.1580444430205052164109457581105266946580817648582872193961e-1 -2.3857364724655603713787839226405382082210129166983445129341e-1
52
2.191008735013378e-02 1.248401217465834e-01
9.158044443020505e-01 -2.385736472465561e-01
0 0
1.000000000000000e+00
0
1.000000000000000e+00
0.000000000000000e+00
0
192
2
8.5845057509136114832407130163946170876404936191133004284009e-3 -1.5170166120180186149016726568878857382944124320419891308524e-1
1.0712863927505938348954054713524027674063094450561411006034 -6.2285137178054522703142151702916089089926680319068827025477e-3
52
8.584505750913407e-03 -1.517016612018019e-01
1.071286392750594e+00 -6.228513717805527e-03
0 0
1.000000000000000e+00
0
1.000000000000000e+00
0.000000000000000e+00
0
192
2
1.0489268515676732640293313370345067320280950167333441117968 4.7323519484506114232651046413050589929241967046566055894844e-1
-1.5419076284830634296094994954041408041813073468752580102952e-1 -5.4213232868379783690787651627086004821545310369524668517891e-3
52
1.048926851567673e+00 4.732351948450611e-01
-1.541907628483063e-01 -5.421323286837977e-03
0 0
1.000000000000000e+00
0
9.999999999999999e-01
0.000000000000000e+00
0
192
2
-9.4327207713110940848377355780441741565656273754483068382934e-1 -9.5982021830138182636878204585223308091312611607787084250848e-1
2.3155538913930923769335245367146281082179962800168643907783 1.9752545571844723314989906455335706999927861474727007288320e-1
52
-9.432720771311096e-01 -9.598202183013815e-01
2.315553891393093e+00 1.975254557184470e-01
0 0
1.000000000000000e+00
0
9.999999999999999e-01
0.000000000000000e+00
0
