input_midslice_0
4 1

4
0.0000000000000000000000000000000000000000000000000000000000000000000000000000000000000000000000000000000000000000000000000000000000000000000000000000000000000000000000000000000000000000000000000000000000000000000000000000000000000000000000000000000000000000000000000000000000000000000000000000000000000000000000e0 0.0000000000000000000000000000000000000000000000000000000000000000000000000000000000000000000000000000000000000000000000000000000000000000000000000000000000000000000000000000000000000000000000000000000000000000000000000000000000000000000000000000000000000000000000000000000000000000000000000000000000000000000000e0
0.5898115980596905571575893553239913896681783563010176218294725578536689396263167152432580038933128699549533524453944095722065603635964969057731718810006702397956430550786447067432774340591189958872677537400393389414083206198793452450842399471348590540347230952770555098017933996895490637090371235701879963852325e0 -0.0000000000000000000000000000000000000000000000000000000000000000000000000000000000000000000000000000000000000000000000000000000000000000000000000000000000000000000000000000000000000000000000000000000000000000000000000000000000000000000000000000000000000000000000000000000000000000000000000000000000000000000000e0
0.5700899291065569953328339762594328703405277990132195931706433379370630635630805821882691052507373706517174279585305306926837959618723715226195441040243646307564387176170075620800078707029822924364421007532727980622906645294305365421510776198124400737961488023491329434568219146416081343487325745027735470730247e0 -0.0000000000000000000000000000000000000000000000000000000000000000000000000000000000000000000000000000000000000000000000000000000000000000000000000000000000000000000000000000000000000000000000000000000000000000000000000000000000000000000000000000000000000000000000000000000000000000000000000000000000000000000000e0
0.5719438359887750808561936390465340079592585783048857082333412367946496355807483594452915909521286508054794210872534026067444196877299571536532484843606850539912096962508822891485495407397711583457103649300829279254881145229655614293004038421136127299129813182669084384148848163180407025433119467805106379791992e0 -0.0000000000000000000000000000000000000000000000000000000000000000000000000000000000000000000000000000000000000000000000000000000000000000000000000000000000000000000000000000000000000000000000000000000000000000000000000000000000000000000000000000000000000000000000000000000000000000000000000000000000000000000000e0


1

4
0.6313236394917641381455204737810626701025654554848108817369531300614284694808342599020143415843571032693789103577991351031860288477951105274622554070508915608454425723102859480506515018198839746671737005699464579030559873279029023707148954116328701008339920696294477356380573035368635323505561498073371365593329e0 -0.3970589770230307034912698297650991991511884476772453186110717521512561955432856048077406469474570597389420662572464104752112245942086037672852719323330395288935584991259261908167678737947170041740964359041227071769723073347365714589201505536438693226908924720488445367529685167395393374101875574802090613939574e0
0.4841244379839883180731681442787383996788785862546074911043392879305398166521472356770463867777094082748306232189759493681461667391112284409436951997372172245495032140660423250155190626742314595659632926442019565649409604677493291382362350332472659191600577370133743962767288753715001615981150609809253746982577e-1 0.3325487744215701412614078634939116844590472029435773618160800471455960242602831193136348593015101563778429044689703071871542850041955916464530467729383158742309389574874908152094432923818362362851849734675740977836986750627893515235748831984089551076310692572478097276939041467012166570712086240469539662434111e0
-0.4030236030409795086474373018872296168684207772049298900333095474808202616745166223464555774840661340962319264674174119948909424536889736606388334933682361008348987839312519374847583012450304735188311028203791844263378749458777844782754476301495893037078775556502334853505830651013038575215269680697536783879197e0 0.3178396146383080194856349667191644567852134863955742950420389088814345200942201504434284644121681338371595626551312527230340994671313882216754007962113612036911407297534636174326309765877953633213761524568537878172130270359850290078158664422887140385962508197840672171150982230862771867384175356554723070524747e-2
-0.4088987839187975156676118562371766306954227971376255728886105315722286709825333094180502733431074476585438881745813439932402142524428709178067968950552154982783134623499157377711530274532562844076274079398562912488506936453204367937669749927561554261821895891315632055143806054414149755486017542361507956512647e0 0.3472515802711491124977332929289303098509234860862655898125491227787256357669194929060237295990736273681432488596780061811717262790195871851230860570503775043287957042458438092134441128964179275407498421066626301950961640602268756743928049289263793931356308797054050733281342869418011701731507790337393528906792e-1



0.1999999999999999796278411789973716849999618716537952423095703125000000000000000000000000000000000000000000000000000000000000000000000000000000000000000000000000000000000000000000000000000000000000000000000000000000000000000000000000000000000000000000000000000000000000000000000000000000000000000000000000000000e1 0.0000000000000000000000000000000000000000000000000000000000000000000000000000000000000000000000000000000000000000000000000000000000000000000000000000000000000000000000000000000000000000000000000000000000000000000000000000000000000000000000000000000000000000000000000000000000000000000000000000000000000000000000e0
3
0.0000000000000000000000000000000000000000000000000000000000000000000000000000000000000000000000000000000000000000000000000000000000000000000000000000000000000000000000000000000000000000000000000000000000000000000000000000000000000000000000000000000000000000000000000000000000000000000000000000000000000000000000e0 0.0000000000000000000000000000000000000000000000000000000000000000000000000000000000000000000000000000000000000000000000000000000000000000000000000000000000000000000000000000000000000000000000000000000000000000000000000000000000000000000000000000000000000000000000000000000000000000000000000000000000000000000000e0
0.0000000000000000000000000000000000000000000000000000000000000000000000000000000000000000000000000000000000000000000000000000000000000000000000000000000000000000000000000000000000000000000000000000000000000000000000000000000000000000000000000000000000000000000000000000000000000000000000000000000000000000000000e0 0.0000000000000000000000000000000000000000000000000000000000000000000000000000000000000000000000000000000000000000000000000000000000000000000000000000000000000000000000000000000000000000000000000000000000000000000000000000000000000000000000000000000000000000000000000000000000000000000000000000000000000000000000e0
0.0000000000000000000000000000000000000000000000000000000000000000000000000000000000000000000000000000000000000000000000000000000000000000000000000000000000000000000000000000000000000000000000000000000000000000000000000000000000000000000000000000000000000000000000000000000000000000000000000000000000000000000000e0 0.0000000000000000000000000000000000000000000000000000000000000000000000000000000000000000000000000000000000000000000000000000000000000000000000000000000000000000000000000000000000000000000000000000000000000000000000000000000000000000000000000000000000000000000000000000000000000000000000000000000000000000000000e0


2
-0.100000000000000039345696839499e1 0.000000000000000000000000000000e0
0.100000000000000004250072516143e1 0.000000000000000000000000000000e0
