6 1 -1

-2.9651862864586491471933961245396808969738094270403210315160 -1.3855299614779983139635997501238003485645777997216235041699
-2.0864357769564972387382986680503361297451852535637313458466 -4.7180970782976306227324146711605196779200861634633128759016e-1
-6.1309969896041565076816938172687006842440579332179153225648e-1 2.4495287210085461794878020144603160709046685130014873713365
-5.7755091119514018668380708771303366556782143884593421826127e-1 4.3929701992859686219124631560902180207238611819452424789554

3.5689473765050998342184231978547902718631150463947910959345e-3 -1.5192074167603850068880131261339800754811580940416533119149e-1
-1.2660119429866630745720643739310267771023601311799496314537 2.5858358191814367808583017086748067525243480519648588481985e-1
1.2160799691811590073283201951149757315664094958164124071491e-1 1.6904620837198077813511226538621054376440838877318509897562e-1
-5.2547781473048943532579126150888758365439143316156427218002e-1 4.9844692594737351808682569922218946176740400242103399713953e-1

-1.3846195662410797930687581777195089317350762932632685630024e-1 1.0630847816693999543118287185531636594608120677662722420729e-1
-1.3407550950943912800161000465586722069551515478180958805640 3.2606062638506242982381441216116185232474105288993744577852e-1
3.2209349825474004670381606996039505837999215397609229380040e-1 2.5874751551450677229198991526759749092531579106410875592820e-1
-1.7109911064356910756593445441201979939084746088674399543256e-1 5.4204251042009246733592664930011829221904210746346450591109e-1

1.3055653689043847506875277176781809956241723377606674201834e-1 2.3192994153819077123730805363931151158041488542088628192000e-1
-1.2679590018973469232853230274711073190766859383678687551660 3.9671320527236192869527556779918595454709153310518314526034e-1
3.9894688468344616147327540524565818287632929045872937133801e-1 5.1251810519975408102975534703547616872769501723154594102226e-2
-1.5081638530704341662202188717007258883618848072440559673352e-1 1.8290941982466286518767365415422417415917645257245698089935e-1

1.3711845027958204147730525587536711661534732741279056079137 -5.0348444059096527794905541314276417006038060750977314216713e-1
-7.8515799731543478385843333230023583839620123142414994159005e-1 2.9808839686209537724645539654366050271651618579281939779651e-1
-2.2315245692573826579788096080360203096007987495852243634259e-1 -8.2524938231895278535207277748720007668200305238685174992139e-1
-1.5362238599464349567664977668048667616754895491231891621969 -8.8181236017006530478251694910531804419285480705041655640634e-1

6.0950132439302886208624648681038277334049221370232125585205e-1 3.1090112255093491559462792538146473259318516235311347318741e-1
-1.1221710453753782942841933360350678993402453868550050313140 4.7579097095477127224434615077699912091853284479164749958721e-1
4.2831272839063526054065671691415008836425028518863360528128e-1 -3.0931360131326669729920878097149455629304289754748062155914e-1
-2.7745364712836587672677205968823346149372007306425457779996e-1 -3.9138125744699981279723871851541705908351814421668953279181e-1


1 4
2.380243105144668135837213805494201883730362114112576244613197292116482816385641209519780069003806162379740806594012516986672439587666179243604907935946530631148235093205230864967733052019598770936378452359482739482163184100898659075854725978101657197321491375435283872879768682003832969199405000638762649397317e-1 -9.687680841772933459914113411494698642929103269537605474229581576056402084734600133755610206783994753889954502567996861972725243137934000251739612526904461106138126780537132465325939862441271423940060120361340144756960700753071022961824817594165133125692798463541234930027080738665430004352994295363067075684044e-1
5.317255973066339138101579532485252986120150299023491144801064042925323013142745482347060326031520596216829737999226949578490343934692806400594512838581032114606971766844505022413971535286071646480062100519561669771229836922356546949689927131159663540460591242277734604391139479520947483736425678609048074911621e-1 -5.625545032495539449935772495644564788249552634929729650259505773486170158023404677071775364664728395154792112787930179216609571042869444406721473317744492545028630978763625296844772403727045543395110022156184393603067542509679650896566146652657716513465363340867977037366487029172434423994084477617749492565128e-2
3.996432263214474253649090982931164789108630154546447928990425172489506678509308213535607252860707372236840475328270876485322801070345486163140872549099458802767934624902424074749446098181197923696825094767937591063694534578399073810754595391566166303506782774947828632574269055000286288057045557033348426019668e-1 -3.527279509713129093017106802357154024079636998481653771189803797598087725037634743105722518085433642008844196040832132142746046140153883392183478087602788115825097823110943207348314117328156898121870693313815005753550933681875917096076638408917151359732381911519811186984744194144389692080779978691220046656787e-1
-8.820305496646916199919110268897668524839879156938770228486701027085908153260757075540109211724481411301713711019431090959606282600181863080489408668071060509394334939113265390836452253643723840423940018494554850540547481517273994216405310801168528696672378696108627210184809956998495653760988513235496780713590e-1 -4.679255854897829539916259940088024253300564199083967822770283731219899205561341050137064218610053480448869462119982933827617852134071247552527030642844827209259993425829595619714272652075464455110069063564108114646100148651980011773683512548470357376617661076286872923931215036591373323339647215478387720141178e-1


1 4
6.372643394581858342593482552484379009110080927018458599559575078516870864561108948885708394363043633506092633114117241965870695506528069431991134249884720428541870102677814956555808026551836643614826031641476297135293692610832453430737500535182055257259327871697867614176704590801743290872301620790121428889703e-2 -2.986760489803941784153589347236330964856812180899222604226692305051271274396043912430449577056310645983447990222654157317196233169901712584018700811164629026644735963913411187666498353367815884264182536193201568378115261578308119917951909134365307123479191338807996306368295898177679811170376308230602011575961e-1
-4.188785566936262873934256486682820125781843526252875152266275740358938684848282536944566536868057051608545001050217179195302195107513039105423580622103285052475711725842108180155941109609959791693373850904528439921243585512187876480350770295473113684007109542596130876440479977268172335420302364095530389648292e-1 -1.378555474985123564212929869374615493967709257952336113164276839789581964033601456683419511198968633673768605124435933083587032017868316993341561986320177708362589345107703196708610463104047862888613322583774776712415954731877596801348747671041074727749757290352857985292112069153679975097974446943297030304969e-1
5.197453878816439535029155360018242672872721140208016214534211486131175127574103604830177035207613338801019955424840514410904661884672691621998513653298598120882642315815732906559107080446068039218653832847093281370274936188958343072480425827784754255722861094691291369313858168531063441604429707879024413738086e-1 1.477906464614808190716872550203957058154430164378687465093272098423327828021047311160896399823089285800572482002001231853286651689943686155286097419980071821166300961535395905595327542479161087782746132283141400029728598092254593324388674161996462996339997700492707526089380405893392999221723263596118095626837e-1
-5.949948590573403909277448749965209016210469187165492171146741844744811100699948767245615137883554324639382577943111334817475248733081127941541536453864607075136577016284461720484145718637261273559018437364574668472691738824453516499491230799829606215774402480636895758434739899162945644744827883306178357515349e-1 -2.574333631015083005680986190496150807788160735974041022840407025047859321381392215929837852711424117286700166716755276926340783606546360987520525786305218598895834729003433325468701617213368292958082424416590717506042575320399953325342992799214002044717586800911979365840673700783855754814243619274067122494098e-1


