0
-8.590452255953028e-01 -3.453866449898374e-03
-8.780034294262129e-01 2.537395936983645e-01
1.038248604337951e+00 3.033877874731872e-02
1.028242135473823e-01 6.955508662267051e-01

1
-3.573800412065520e-01 -2.134370473521339e+00
-4.169566983570239e-01 2.039208286948664e-01
1.817290129205353e-01 3.132262772257698e-01
-1.914033854694641e+00 1.050729590795785e+00

2
-4.587415512221438e-02 -1.111243098712777e-01
-7.992350676813358e-01 4.086168467588877e-01
8.252411301369164e-01 -2.320740697694425e-01
-2.898261400041312e-01 3.629026123643547e-02

3
5.563111749588633e-02 1.226716833972364e-01
-8.387965246702925e-01 4.453581754103723e-01
8.854887209240537e-01 -3.180949569559704e-01
-1.263169232985585e-01 -1.372444378072134e-01

4
1.594940055914604e+00 -3.410040664663634e+00
-2.463011793497334e-02 5.041399442026658e-01
-6.869336756767696e-01 -9.765391953751060e-02
-3.731086849562356e+00 -1.566895047973995e-01

5
5.515375744149381e-01 6.105003437903131e-02
-7.915674176398928e-01 5.400934349086700e-01
7.570067658118010e-01 -4.789959874697268e-01
-3.622987952661937e-01 -5.407808070202300e-01

0
-1.559317869223593e+00 9.853035393970726e-01
-7.159445001042656e-01 3.260512598849130e-01
7.948400000903770e-01 -4.344074026579313e-01
2.583539077255954e-01 5.307971563211999e-01

1
-1.386314759050313e+00 -2.127193762254732e+00
-8.193556317032490e-02 1.414553624290754e-01
-3.356321522104311e-01 1.753886535855861e-01
-2.480972357149189e+00 1.530739956494500e+00

2
1.681062802013262e-02 1.019684179660681e-02
-4.101543577686563e-01 5.722767621396204e-01
1.127911382740090e-01 -7.779118230526313e-01
-1.161504838287591e+00 -4.641721523880806e-01

3
-1.905496249468046e-02 -5.984999892557887e-03
-4.094468748340540e-01 5.639719828107300e-01
1.148345236723739e-01 -7.618285440432445e-01
-1.162178575562577e+00 -4.273705047926534e-01

4
-1.418964680793144e+00 -1.419659573418560e+00
-2.255885794346177e-01 1.847517806851586e-01
-8.009129662770392e-02 3.442432463211546e-02
-1.860731765718085e+00 1.297692852866398e+00

5
-3.630808943156443e-01 6.496256384924569e-01
-5.646512013899074e-01 5.414043648746591e-01
4.192214954453418e-01 -7.822420360982485e-01
-4.716589868826272e-01 -3.735988608143450e-01

