6 1 -1

-2.6879383776790560826408966422645990213507119681980140599893 -1.3932059237766162179678002991516536007296473254286490845392
-1.9025925888528730506725903752853000934846327259240652408481 -3.3454789960877990946807678083141334918356087227982029193621e-1
-4.1001957079637718128981367338092155548504141093316651229266e-1 2.2441516917276894282001585981401460623254359632599819863101
-5.9437960258661917553719525667397162722784404305465412349290e-1 3.9920684885879267120327175328047160051909489833554010373330

4.3010998713148731136707880000375261552559382980580420123499e-3 -1.5276928232706425889496027809576678906013299005986478646135e-1
-1.2685697552431534580537953851058588544879071680095018592199 2.6502785718786831393093372051509745510297275973016920757803e-1
1.2588634162255195208060822258721115420594663762003414655815e-1 1.7881651238348372914280514482817576676776547278984612158947e-1
-5.1999914597993333922397214703055624407409923135400125341383e-1 5.0127126405958978389039058591622575137491501866718315225749e-1

-1.4282932629594121673499702723202558894669526208287753094288e-1 1.0845774935550915098689325670284076244521955035270701335143e-1
-1.3342129789434603012874193308363389109489205608409371001369 3.2402495885396768676366300574627095211128465742938532986495e-1
3.2969478559464555442060188257909089400051496708193849042793e-1 2.4978170538760411668324068769771814211849388933882565117017e-1
-1.6870567844327371902124637640600880478676608457426932805841e-1 5.3740303501818820641176254730831317049375038197631170919674e-1

1.2487133498345769185096331258042791407860673746886825086446e-1 2.4282583307885204352492543244348695889570483697327233606813e-1
-1.2722081246574345808586790334002621114014543248450472740008 3.8671855204055528239299014399860852812305913060595831885803e-1
3.9079384182216955407298145188825308208869937063350754766128e-1 4.3012413312805503532316464132502079537688032296058560815333e-2
-1.4940066842103709171447690175805022803000431410385079066106e-1 1.8511602055247501770672016443712283073304086640729313225035e-1

1.5489964591132526126501628501194063781993858100739429779933 -4.2519981631601447585196745401794429275709742911737634160743e-1
-8.1208577178458069108122504922842916339128564226165807394329e-1 3.3455928340769826221539954071507972899564798639761780578314e-1
-2.6385940597945662228874336918250338607991989233335818667047e-1 -8.8084252549724947144552379870283624613613689571308801121136e-1
-1.5402565029110588786135049397226823825973341941035560828090 -1.0390512836294578090637106977375291743853866259726818312300

5.9442793431046330901938313952668506074399720218460436196327e-1 3.2996035764894408600345744263479175102296596428882900109113e-1
-1.1494555086938685688043437221660405191588053068501107475347 4.5525375867321663716763791334412627969871662480651098333945e-1
3.9272048022951481445188359363876496242936950214214486695837e-1 -3.0074813881599420113451102626186990527792718667653936084206e-1
-2.7598425228619385781393498501880890332884782759717332783659e-1 -3.6298784042955545866902714386965277613703648572515879087163e-1


1 4
2.380243105144668135837213805494201883730362114112576244613197292116482816385641209519780069003806162379740806594012516986672439587666179243604907935946530631148235093205230864967733052019598770936378452359482739482163184100898659075854725978101657197321491375435283872879768682003832969199405000638762649397317e-1 -9.687680841772933459914113411494698642929103269537605474229581576056402084734600133755610206783994753889954502567996861972725243137934000251739612526904461106138126780537132465325939862441271423940060120361340144756960700753071022961824817594165133125692798463541234930027080738665430004352994295363067075684044e-1
5.317255973066339138101579532485252986120150299023491144801064042925323013142745482347060326031520596216829737999226949578490343934692806400594512838581032114606971766844505022413971535286071646480062100519561669771229836922356546949689927131159663540460591242277734604391139479520947483736425678609048074911621e-1 -5.625545032495539449935772495644564788249552634929729650259505773486170158023404677071775364664728395154792112787930179216609571042869444406721473317744492545028630978763625296844772403727045543395110022156184393603067542509679650896566146652657716513465363340867977037366487029172434423994084477617749492565128e-2
3.996432263214474253649090982931164789108630154546447928990425172489506678509308213535607252860707372236840475328270876485322801070345486163140872549099458802767934624902424074749446098181197923696825094767937591063694534578399073810754595391566166303506782774947828632574269055000286288057045557033348426019668e-1 -3.527279509713129093017106802357154024079636998481653771189803797598087725037634743105722518085433642008844196040832132142746046140153883392183478087602788115825097823110943207348314117328156898121870693313815005753550933681875917096076638408917151359732381911519811186984744194144389692080779978691220046656787e-1
-8.820305496646916199919110268897668524839879156938770228486701027085908153260757075540109211724481411301713711019431090959606282600181863080489408668071060509394334939113265390836452253643723840423940018494554850540547481517273994216405310801168528696672378696108627210184809956998495653760988513235496780713590e-1 -4.679255854897829539916259940088024253300564199083967822770283731219899205561341050137064218610053480448869462119982933827617852134071247552527030642844827209259993425829595619714272652075464455110069063564108114646100148651980011773683512548470357376617661076286872923931215036591373323339647215478387720141178e-1


1 4
6.372643394581858342593482552484379009110080927018458599559575078516870864561108948885708394363043633506092633114117241965870695506528069431991134249884720428541870102677814956555808026551836643614826031641476297135293692610832453430737500535182055257259327871697867614176704590801743290872301620790121428889703e-2 -2.986760489803941784153589347236330964856812180899222604226692305051271274396043912430449577056310645983447990222654157317196233169901712584018700811164629026644735963913411187666498353367815884264182536193201568378115261578308119917951909134365307123479191338807996306368295898177679811170376308230602011575961e-1
-4.188785566936262873934256486682820125781843526252875152266275740358938684848282536944566536868057051608545001050217179195302195107513039105423580622103285052475711725842108180155941109609959791693373850904528439921243585512187876480350770295473113684007109542596130876440479977268172335420302364095530389648292e-1 -1.378555474985123564212929869374615493967709257952336113164276839789581964033601456683419511198968633673768605124435933083587032017868316993341561986320177708362589345107703196708610463104047862888613322583774776712415954731877596801348747671041074727749757290352857985292112069153679975097974446943297030304969e-1
5.197453878816439535029155360018242672872721140208016214534211486131175127574103604830177035207613338801019955424840514410904661884672691621998513653298598120882642315815732906559107080446068039218653832847093281370274936188958343072480425827784754255722861094691291369313858168531063441604429707879024413738086e-1 1.477906464614808190716872550203957058154430164378687465093272098423327828021047311160896399823089285800572482002001231853286651689943686155286097419980071821166300961535395905595327542479161087782746132283141400029728598092254593324388674161996462996339997700492707526089380405893392999221723263596118095626837e-1
-5.949948590573403909277448749965209016210469187165492171146741844744811100699948767245615137883554324639382577943111334817475248733081127941541536453864607075136577016284461720484145718637261273559018437364574668472691738824453516499491230799829606215774402480636895758434739899162945644744827883306178357515349e-1 -2.574333631015083005680986190496150807788160735974041022840407025047859321381392215929837852711424117286700166716755276926340783606546360987520525786305218598895834729003433325468701617213368292958082424416590717506042575320399953325342992799214002044717586800911979365840673700783855754814243619274067122494098e-1


